Si_Thermo_omega_2.dat
2025/08/21 17:29:34 - 17:42:26
ƒÆ : 34.4588 deg
2ƒÆ : 69.5890 deg
ƒÔ : 89.6532 deg
ƒÓ : 0.0000 deg
Sz : 11.600 mm
Rx : 0.1609 deg
Ry : 0.0877 deg
I0 slit H : 0.20 mm
I0 slit W : 1.00 mm
R1 slit H : 0.20 mm
R1 slit W : 1.00 mm
R2 slit H : 0.20 mm
R2 slit W : 1.00 mm
Scan axis : ƒÆ
Start: 34.3588 deg, End: 34.5588 deg
Step: 0.0010 deg, Time: 2.0 sec
Axis (deg),       I (cts),        I0 (cts),         Atten.
   34.3588,           131,       5968.5012,     1.00000E+0
   34.3598,           126,       5967.3603,     1.00000E+0
   34.3608,           124,       5965.1673,     1.00000E+0
   34.3618,           132,       5964.9900,     1.00000E+0
   34.3628,           150,       5964.1278,     1.00000E+0
   34.3638,           122,       5963.6422,     1.00000E+0
   34.3648,           149,       5964.7196,     1.00000E+0
   34.3658,           119,       5961.0877,     1.00000E+0
   34.3668,           151,       5961.4187,     1.00000E+0
   34.3678,           151,       5960.9728,     1.00000E+0
   34.3688,           139,       5959.6329,     1.00000E+0
   34.3698,           164,       5960.0493,     1.00000E+0
   34.3708,           146,       5959.9010,     1.00000E+0
   34.3718,           173,       5959.7976,     1.00000E+0
   34.3728,           163,       5960.8847,     1.00000E+0
   34.3738,           148,       5962.3427,     1.00000E+0
   34.3748,           161,       5961.4044,     1.00000E+0
   34.3758,           177,       5961.9377,     1.00000E+0
   34.3768,           164,       5963.0002,     1.00000E+0
   34.3778,           178,       5963.0108,     1.00000E+0
   34.3788,           171,       5963.4978,     1.00000E+0
   34.3798,           168,       5961.7857,     1.00000E+0
   34.3808,           201,       5962.2367,     1.00000E+0
   34.3818,           193,       5959.1992,     1.00000E+0
   34.3828,           200,       5959.4172,     1.00000E+0
   34.3838,           213,       5957.7032,     1.00000E+0
   34.3848,           233,       5956.4812,     1.00000E+0
   34.3858,           221,       5955.8412,     1.00000E+0
   34.3868,           221,       5958.4673,     1.00000E+0
   34.3878,           206,       5957.0069,     1.00000E+0
   34.3888,           240,       5955.9970,     1.00000E+0
   34.3898,           230,       5956.5905,     1.00000E+0
   34.3908,           262,       5954.6178,     1.00000E+0
   34.3918,           246,       5954.0590,     1.00000E+0
   34.3928,           256,       5951.2879,     1.00000E+0
   34.3938,           264,       5949.4184,     1.00000E+0
   34.3948,           259,       5945.3141,     1.00000E+0
   34.3958,           273,       5942.3982,     1.00000E+0
   34.3968,           289,       5942.7085,     1.00000E+0
   34.3978,           336,       5942.8218,     1.00000E+0
   34.3988,           295,       5942.4903,     1.00000E+0
   34.3998,           316,       5942.1247,     1.00000E+0
   34.4008,           311,       5940.5338,     1.00000E+0
   34.4018,           333,       5938.3468,     1.00000E+0
   34.4028,           338,       5937.9784,     1.00000E+0
   34.4038,           335,       5938.0821,     1.00000E+0
   34.4048,           376,       5937.9912,     1.00000E+0
   34.4058,           374,       5939.2883,     1.00000E+0
   34.4068,           383,       5939.4489,     1.00000E+0
   34.4078,           351,       5939.2446,     1.00000E+0
   34.4088,           408,       5939.7548,     1.00000E+0
   34.4098,           404,       5939.4955,     1.00000E+0
   34.4108,           449,       5940.5388,     1.00000E+0
   34.4118,           491,       5942.5920,     1.00000E+0
   34.4128,           459,       5941.2629,     1.00000E+0
   34.4138,           498,       5941.1332,     1.00000E+0
   34.4148,           511,       5938.7307,     1.00000E+0
   34.4158,           497,       5938.1009,     1.00000E+0
   34.4168,           558,       5935.0844,     1.00000E+0
   34.4178,           576,       5933.5769,     1.00000E+0
   34.4188,           574,       5932.6437,     1.00000E+0
   34.4198,           596,       5929.1259,     1.00000E+0
   34.4208,           657,       5929.7345,     1.00000E+0
   34.4218,           674,       5926.6215,     1.00000E+0
   34.4228,           696,       5921.4163,     1.00000E+0
   34.4238,           659,       5919.7519,     1.00000E+0
   34.4248,           709,       5920.4820,     1.00000E+0
   34.4258,           816,       5920.4877,     1.00000E+0
   34.4268,           762,       5919.4452,     1.00000E+0
   34.4278,           863,       5922.1309,     1.00000E+0
   34.4288,           844,       5920.2933,     1.00000E+0
   34.4298,           914,       5922.0008,     1.00000E+0
   34.4308,           945,       5921.2717,     1.00000E+0
   34.4318,           996,       5922.7642,     1.00000E+0
   34.4328,          1096,       5922.2655,     1.00000E+0
   34.4338,          1105,       5922.5306,     1.00000E+0
   34.4348,          1156,       5921.8690,     1.00000E+0
   34.4358,          1244,       5919.4814,     1.00000E+0
   34.4368,          1340,       5917.3113,     1.00000E+0
   34.4378,          1405,       5917.3464,     1.00000E+0
   34.4388,          1462,       5917.0794,     1.00000E+0
   34.4398,          1649,       5916.0602,     1.00000E+0
   34.4408,          2009,       5915.9231,     1.00000E+0
   34.4418,          2270,       5917.0501,     1.00000E+0
   34.4428,          2693,       5914.4076,     1.00000E+0
   34.4438,          3354,       5913.0896,     1.00000E+0
   34.4448,          3972,       5909.9804,     1.00000E+0
   34.4458,          4884,       5908.2567,     1.00000E+0
   34.4468,          5994,       5908.8645,     1.00000E+0
   34.4478,          7203,       5909.8997,     1.00000E+0
   34.4488,          8480,       5909.8825,     1.00000E+0
   34.4498,         11026,       5909.1816,     1.00000E+0
   34.4508,         13833,       5911.5311,     1.00000E+0
   34.4518,         17834,       5910.6726,     1.00000E+0
   34.4528,         24841,       5912.6089,     1.00000E+0
   34.4538,         41450,       5913.0884,     1.00000E+0
   34.4548,        115773,       5914.1906,     1.00000E+0
   34.4558,        645104,       5914.9166,     1.00000E+0
   34.4568,       4093312,       5916.6607,     1.00000E+0
   34.4578,        338059,       5915.7231,     5.39842E+1
   34.4588,        994039,       5915.3110,     5.39842E+1
   34.4598,       1821259,       5912.4076,     5.39842E+1
   34.4608,       2285456,       5913.1064,     5.39842E+1
   34.4618,       2312305,       5912.4104,     5.39842E+1
   34.4628,       1909241,       5909.2786,     5.39842E+1
   34.4638,       1140259,       5909.8069,     5.39842E+1
   34.4648,        406294,       5909.3133,     5.39842E+1
   34.4658,         86463,       5909.8521,     5.39842E+1
   34.4668,         21665,       5908.8628,     5.39842E+1
   34.4678,        305156,       5908.4412,     1.00000E+0
   34.4688,        164088,       5909.5266,     1.00000E+0
   34.4698,        116112,       5908.4485,     1.00000E+0
   34.4708,         89272,       5906.7193,     1.00000E+0
   34.4718,         70635,       5906.4751,     1.00000E+0
   34.4728,         57976,       5904.3034,     1.00000E+0
   34.4738,         49280,       5902.1623,     1.00000E+0
   34.4748,         41441,       5899.5741,     1.00000E+0
   34.4758,         35115,       5898.9179,     1.00000E+0
   34.4768,         30539,       5898.6767,     1.00000E+0
   34.4778,         26298,       5899.1769,     1.00000E+0
   34.4788,         23222,       5898.2759,     1.00000E+0
   34.4798,         20462,       5894.1020,     1.00000E+0
   34.4808,         18148,       5894.7116,     1.00000E+0
   34.4818,         16440,       5894.1354,     1.00000E+0
   34.4828,         14718,       5894.4169,     1.00000E+0
   34.4838,         13315,       5892.1764,     1.00000E+0
   34.4848,         12186,       5892.2288,     1.00000E+0
   34.4858,         11029,       5892.4358,     1.00000E+0
   34.4868,          9957,       5893.1116,     1.00000E+0
   34.4878,          8738,       5892.4431,     1.00000E+0
   34.4888,          7731,       5894.0893,     1.00000E+0
   34.4898,          6874,       5893.7545,     1.00000E+0
   34.4908,          6045,       5896.9617,     1.00000E+0
   34.4918,          5262,       5895.4236,     1.00000E+0
   34.4928,          4496,       5897.0004,     1.00000E+0
   34.4938,          3850,       5898.5634,     1.00000E+0
   34.4948,          3315,       5897.6404,     1.00000E+0
   34.4958,          2870,       5898.6977,     1.00000E+0
   34.4968,          2498,       5898.0084,     1.00000E+0
   34.4978,          2051,       5897.4779,     1.00000E+0
   34.4988,          1586,       5896.6615,     1.00000E+0
   34.4998,          1334,       5895.4948,     1.00000E+0
   34.5008,          1202,       5895.1129,     1.00000E+0
   34.5018,          1006,       5893.9174,     1.00000E+0
   34.5028,           895,       5891.5920,     1.00000E+0
   34.5038,           762,       5891.8055,     1.00000E+0
   34.5048,           698,       5889.8972,     1.00000E+0
   34.5058,           650,       5888.7412,     1.00000E+0
   34.5068,           627,       5885.1016,     1.00000E+0
   34.5078,           582,       5885.1266,     1.00000E+0
   34.5088,           544,       5886.7407,     1.00000E+0
   34.5098,           498,       5886.0388,     1.00000E+0
   34.5108,           511,       5883.1177,     1.00000E+0
   34.5118,           485,       5879.6200,     1.00000E+0
   34.5128,           508,       5882.1528,     1.00000E+0
   34.5138,           452,       5880.6957,     1.00000E+0
   34.5148,           468,       5881.3986,     1.00000E+0
   34.5158,           386,       5881.7728,     1.00000E+0
   34.5168,           419,       5881.3123,     1.00000E+0
   34.5178,           371,       5882.4799,     1.00000E+0
   34.5188,           389,       5882.8962,     1.00000E+0
   34.5198,           382,       5880.9117,     1.00000E+0
   34.5208,           363,       5883.7740,     1.00000E+0
   34.5218,           335,       5883.2456,     1.00000E+0
   34.5228,           314,       5881.9978,     1.00000E+0
   34.5238,           305,       5879.5828,     1.00000E+0
   34.5248,           327,       5876.8092,     1.00000E+0
   34.5258,           313,       5873.9307,     1.00000E+0
   34.5268,           328,       5873.0902,     1.00000E+0
   34.5278,           315,       5872.0070,     1.00000E+0
   34.5288,           311,       5872.2053,     1.00000E+0
   34.5298,           266,       5873.8715,     1.00000E+0
   34.5308,           296,       5873.0622,     1.00000E+0
   34.5318,           297,       5874.2756,     1.00000E+0
   34.5328,           234,       5871.9863,     1.00000E+0
   34.5338,           229,       5871.1740,     1.00000E+0
   34.5348,           224,       5870.9096,     1.00000E+0
   34.5358,           251,       5871.0464,     1.00000E+0
   34.5368,           242,       5870.3522,     1.00000E+0
   34.5378,           216,       5869.0724,     1.00000E+0
   34.5388,           186,       5871.2551,     1.00000E+0
   34.5398,           204,       5867.8912,     1.00000E+0
   34.5408,           191,       5869.8816,     1.00000E+0
   34.5418,           201,       5868.0910,     1.00000E+0
   34.5428,           209,       5867.3987,     1.00000E+0
   34.5438,           231,       5864.0604,     1.00000E+0
   34.5448,           154,       5864.2654,     1.00000E+0
   34.5458,           192,       5864.2022,     1.00000E+0
   34.5468,           195,       5862.8911,     1.00000E+0
   34.5478,           161,       5862.3937,     1.00000E+0
   34.5488,           176,       5863.0945,     1.00000E+0
   34.5498,           172,       5866.0696,     1.00000E+0
   34.5508,           171,       5868.8175,     1.00000E+0
   34.5518,           161,       5868.8870,     1.00000E+0
   34.5528,           155,       5869.5864,     1.00000E+0
   34.5538,           166,       5869.3689,     1.00000E+0
   34.5548,           152,       5869.5941,     1.00000E+0
   34.5558,           134,       5867.2774,     1.00000E+0
   34.5568,           134,       5865.5750,     1.00000E+0
   34.5578,           175,       5866.5989,     1.00000E+0
   34.5588,           152,       5865.1823,     1.00000E+0
