TEOS_220.dat
2025/08/22 12:44:33 - 12:54:24
ƒÆ : 23.7955 deg
2ƒÆ : 47.5883 deg
ƒÔ : 44.6415 deg
ƒÓ : -7.2494 deg
Sz : 11.596 mm
Rx : 0.1678 deg
Ry : 0.1328 deg
I0 slit H : 0.20 mm
I0 slit W : 1.00 mm
R1 slit H : 20.00 mm
R1 slit W : 20.00 mm
R2 slit H : 20.00 mm
R2 slit W : 20.00 mm
Scan axis : ƒÆ
Start: 23.2955 deg, End: 24.2955 deg
Step: 0.0050 deg, Time: 1.0 sec
Axis (deg),       I (cts),        I0 (cts),         Atten.
   23.2955,          5886,       4988.1376,     1.00000E+0
   23.3005,          5820,       4988.1012,     1.00000E+0
   23.3055,          5819,       4988.0820,     1.00000E+0
   23.3105,          6049,       4982.1750,     1.00000E+0
   23.3155,          6060,       4987.1705,     1.00000E+0
   23.3205,          6025,       4992.5324,     1.00000E+0
   23.3255,          6116,       4985.7508,     1.00000E+0
   23.3305,          6177,       4985.6325,     1.00000E+0
   23.3355,          6138,       4987.2972,     1.00000E+0
   23.3405,          6269,       4987.1287,     1.00000E+0
   23.3455,          6364,       4986.3693,     1.00000E+0
   23.3505,          6351,       4987.5187,     1.00000E+0
   23.3555,          6438,       4989.8016,     1.00000E+0
   23.3605,          6520,       4990.7842,     1.00000E+0
   23.3655,          6688,       4990.3434,     1.00000E+0
   23.3705,          6795,       4992.3147,     1.00000E+0
   23.3755,          6897,       4991.6801,     1.00000E+0
   23.3805,          6881,       4987.7247,     1.00000E+0
   23.3855,          7145,       4988.0799,     1.00000E+0
   23.3905,          7102,       4988.3666,     1.00000E+0
   23.3955,          7307,       4984.6894,     1.00000E+0
   23.4005,          7411,       4987.7493,     1.00000E+0
   23.4055,          7369,       4988.9673,     1.00000E+0
   23.4105,          7694,       4990.8630,     1.00000E+0
   23.4155,          7638,       4987.8152,     1.00000E+0
   23.4205,          7541,       4992.5725,     1.00000E+0
   23.4255,          7862,       4992.8512,     1.00000E+0
   23.4305,          7855,       4993.0849,     1.00000E+0
   23.4355,          7902,       4989.8848,     1.00000E+0
   23.4405,          7928,       4990.3115,     1.00000E+0
   23.4455,          8106,       4987.5384,     1.00000E+0
   23.4505,          8068,       4983.7321,     1.00000E+0
   23.4555,          8259,       4978.9816,     1.00000E+0
   23.4605,          8335,       4980.9977,     1.00000E+0
   23.4655,          8484,       4979.8903,     1.00000E+0
   23.4705,          8401,       4979.7876,     1.00000E+0
   23.4755,          8604,       4980.7140,     1.00000E+0
   23.4805,          8661,       4980.0660,     1.00000E+0
   23.4855,          8685,       4983.8907,     1.00000E+0
   23.4905,          8797,       4982.7065,     1.00000E+0
   23.4955,          9006,       4979.6580,     1.00000E+0
   23.5005,          9264,       4977.5964,     1.00000E+0
   23.5055,          9221,       4978.8717,     1.00000E+0
   23.5105,          9453,       4978.4274,     1.00000E+0
   23.5155,          9532,       4977.8947,     1.00000E+0
   23.5205,          9705,       4978.4060,     1.00000E+0
   23.5255,          9761,       4978.2344,     1.00000E+0
   23.5305,         10027,       4975.3641,     1.00000E+0
   23.5355,         10133,       4970.9491,     1.00000E+0
   23.5405,         10469,       4961.9571,     1.00000E+0
   23.5455,         10604,       4960.7975,     1.00000E+0
   23.5505,         10864,       4956.0034,     1.00000E+0
   23.5555,         11105,       4954.5406,     1.00000E+0
   23.5605,         11458,       4954.0459,     1.00000E+0
   23.5655,         11945,       4954.8546,     1.00000E+0
   23.5705,         12289,       4955.8902,     1.00000E+0
   23.5755,         12520,       4953.7598,     1.00000E+0
   23.5805,         13096,       4956.3887,     1.00000E+0
   23.5855,         13263,       4959.4556,     1.00000E+0
   23.5905,         13785,       4960.6572,     1.00000E+0
   23.5955,         14039,       4958.1362,     1.00000E+0
   23.6005,         14595,       4959.6631,     1.00000E+0
   23.6055,         14699,       4967.2147,     1.00000E+0
   23.6105,         15127,       4963.6611,     1.00000E+0
   23.6155,         15469,       4961.6299,     1.00000E+0
   23.6205,         15858,       4962.6771,     1.00000E+0
   23.6255,         16121,       4959.7836,     1.00000E+0
   23.6305,         16572,       4957.5905,     1.00000E+0
   23.6355,         17088,       4957.2406,     1.00000E+0
   23.6405,         17609,       4948.9061,     1.00000E+0
   23.6455,         18260,       4949.4956,     1.00000E+0
   23.6505,         18422,       4949.3495,     1.00000E+0
   23.6555,         18845,       4943.1741,     1.00000E+0
   23.6605,         19380,       4940.8714,     1.00000E+0
   23.6655,         19957,       4939.3568,     1.00000E+0
   23.6705,         20855,       4941.0601,     1.00000E+0
   23.6755,         21304,       4941.7995,     1.00000E+0
   23.6805,         22439,       4939.7414,     1.00000E+0
   23.6855,         23126,       4937.0510,     1.00000E+0
   23.6905,         24585,       4942.9450,     1.00000E+0
   23.6955,         25448,       4949.4993,     1.00000E+0
   23.7005,         26800,       4951.1259,     1.00000E+0
   23.7055,         27781,       4952.3372,     1.00000E+0
   23.7105,         29378,       4953.7527,     1.00000E+0
   23.7155,         30666,       4953.7854,     1.00000E+0
   23.7205,         32734,       4950.8257,     1.00000E+0
   23.7255,         34982,       4951.3552,     1.00000E+0
   23.7305,         38082,       4950.0299,     1.00000E+0
   23.7355,         41276,       4948.9478,     1.00000E+0
   23.7405,         45415,       4949.8750,     1.00000E+0
   23.7455,         51082,       4944.4885,     1.00000E+0
   23.7505,         58356,       4946.2908,     1.00000E+0
   23.7555,         68780,       4945.3198,     1.00000E+0
   23.7605,         83124,       4944.9773,     1.00000E+0
   23.7655,        105668,       4943.6905,     1.00000E+0
   23.7705,        143883,       4943.3098,     1.00000E+0
   23.7755,        211119,       4943.7691,     1.00000E+0
   23.7805,        364997,       4943.9215,     1.00000E+0
   23.7855,        849455,       4945.7311,     1.00000E+0
   23.7905,        130789,       4945.1452,     5.39842E+1
   23.7955,       4080578,       4950.3147,     5.39842E+1
   23.8005,        115079,       4949.0253,     5.39842E+1
   23.8055,        967335,       4948.6169,     1.00000E+0
   23.8105,        407161,       4952.6296,     1.00000E+0
   23.8155,        227505,       4949.7277,     1.00000E+0
   23.8205,        149276,       4946.1550,     1.00000E+0
   23.8255,        108217,       4942.8981,     1.00000E+0
   23.8305,         83468,       4940.6521,     1.00000E+0
   23.8355,         68361,       4938.3177,     1.00000E+0
   23.8405,         57539,       4934.2493,     1.00000E+0
   23.8455,         49557,       4930.4768,     1.00000E+0
   23.8505,         43874,       4931.9393,     1.00000E+0
   23.8555,         39789,       4933.9554,     1.00000E+0
   23.8605,         36596,       4931.8252,     1.00000E+0
   23.8655,         33799,       4929.7908,     1.00000E+0
   23.8705,         30938,       4933.9069,     1.00000E+0
   23.8755,         29648,       4937.6306,     1.00000E+0
   23.8805,         27672,       4937.9703,     1.00000E+0
   23.8855,         26574,       4940.1615,     1.00000E+0
   23.8905,         25164,       4935.5194,     1.00000E+0
   23.8955,         24228,       4936.2001,     1.00000E+0
   23.9005,         23269,       4935.2955,     1.00000E+0
   23.9055,         23029,       4933.5232,     1.00000E+0
   23.9105,         21750,       4939.0488,     1.00000E+0
   23.9155,         21316,       4935.4480,     1.00000E+0
   23.9205,         20428,       4934.5632,     1.00000E+0
   23.9255,         19823,       4932.7598,     1.00000E+0
   23.9305,         19272,       4932.4510,     1.00000E+0
   23.9355,         18800,       4929.3785,     1.00000E+0
   23.9405,         18580,       4932.7453,     1.00000E+0
   23.9455,         17805,       4924.7749,     1.00000E+0
   23.9505,         17664,       4924.3849,     1.00000E+0
   23.9555,         17116,       4926.7672,     1.00000E+0
   23.9605,         16615,       4926.4257,     1.00000E+0
   23.9655,         16243,       4916.8534,     1.00000E+0
   23.9705,         16193,       4917.3894,     1.00000E+0
   23.9755,         15491,       4916.9234,     1.00000E+0
   23.9805,         15262,       4916.9778,     1.00000E+0
   23.9855,         14772,       4916.5653,     1.00000E+0
   23.9905,         14396,       4918.1447,     1.00000E+0
   23.9955,         14287,       4917.9738,     1.00000E+0
   24.0005,         13623,       4920.7450,     1.00000E+0
   24.0055,         13692,       4917.1682,     1.00000E+0
   24.0105,         13014,       4918.1511,     1.00000E+0
   24.0155,         12538,       4918.2863,     1.00000E+0
   24.0205,         12274,       4917.5842,     1.00000E+0
   24.0255,         11636,       4915.9171,     1.00000E+0
   24.0305,         11317,       4914.3739,     1.00000E+0
   24.0355,         10920,       4913.9365,     1.00000E+0
   24.0405,         10597,       4908.1056,     1.00000E+0
   24.0455,         10296,       4902.9687,     1.00000E+0
   24.0505,         10035,       4905.6578,     1.00000E+0
   24.0555,          9801,       4893.7820,     1.00000E+0
   24.0605,          9508,       4890.4246,     1.00000E+0
   24.0655,          9391,       4886.1033,     1.00000E+0
   24.0705,          9179,       4876.1096,     1.00000E+0
   24.0755,          9003,       4874.8819,     1.00000E+0
   24.0805,          9116,       4876.9469,     1.00000E+0
   24.0855,          8966,       4887.6832,     1.00000E+0
   24.0905,          8790,       4896.7052,     1.00000E+0
   24.0955,          8745,       4897.1862,     1.00000E+0
   24.1005,          8552,       4904.8189,     1.00000E+0
   24.1055,          8388,       4904.8764,     1.00000E+0
   24.1105,          8469,       4903.9057,     1.00000E+0
   24.1155,          8464,       4903.8886,     1.00000E+0
   24.1205,          8160,       4908.7391,     1.00000E+0
   24.1255,          8185,       4912.6756,     1.00000E+0
   24.1305,          8118,       4909.6983,     1.00000E+0
   24.1355,          8050,       4900.6955,     1.00000E+0
   24.1405,          7810,       4900.0745,     1.00000E+0
   24.1455,          7837,       4892.5589,     1.00000E+0
   24.1505,          7794,       4892.7308,     1.00000E+0
   24.1555,          7672,       4873.2315,     1.00000E+0
   24.1605,          7197,       4875.1486,     1.00000E+0
   24.1655,          7454,       4874.0377,     1.00000E+0
   24.1705,          7261,       4869.3737,     1.00000E+0
   24.1755,          7297,       4873.9194,     1.00000E+0
   24.1805,          7225,       4875.0677,     1.00000E+0
   24.1855,          7103,       4873.9157,     1.00000E+0
   24.1905,          6994,       4878.3749,     1.00000E+0
   24.1955,          6774,       4874.6441,     1.00000E+0
   24.2005,          6851,       4870.3656,     1.00000E+0
   24.2055,          6594,       4878.5913,     1.00000E+0
   24.2105,          6666,       4877.8820,     1.00000E+0
   24.2155,          6652,       4876.3070,     1.00000E+0
   24.2205,          6391,       4879.1019,     1.00000E+0
   24.2255,          6390,       4879.7942,     1.00000E+0
   24.2305,          6226,       4880.6535,     1.00000E+0
   24.2355,          6145,       4878.7079,     1.00000E+0
   24.2405,          6019,       4881.1040,     1.00000E+0
   24.2455,          6062,       4881.0692,     1.00000E+0
   24.2505,          6011,       4878.9410,     1.00000E+0
   24.2555,          5858,       4878.9352,     1.00000E+0
   24.2605,          5877,       4881.0340,     1.00000E+0
   24.2655,          5854,       4880.6634,     1.00000E+0
   24.2705,          5824,       4883.5178,     1.00000E+0
   24.2755,          5634,       4885.2441,     1.00000E+0
   24.2805,          5668,       4885.2829,     1.00000E+0
   24.2855,          5651,       4886.6463,     1.00000E+0
   24.2905,          5576,       4885.7471,     1.00000E+0
   24.2955,          5420,       4883.8038,     1.00000E+0
