Si_RoughTEOS_2thome.dat
2025/08/21 12:40:00 - 12:50:27
É∆ : 34.8634 deg
2É∆ : 69.5822 deg
É‘ : 90.1731 deg
É” : 0.0000 deg
Sz : 11.606 mm
Rx : 0.1609 deg
Ry : 0.2883 deg
I0 slit H : 0.20 mm
I0 slit W : 1.00 mm
R1 slit H : 0.20 mm
R1 slit W : 1.00 mm
R2 slit H : 0.20 mm
R2 slit W : 1.00 mm
Scan axis : 2É∆/É∆
Start: 68.5822 deg, End: 70.5822 deg
Step: 0.0100 deg, Time: 1.0 sec
Axis (deg),       I (cts),        I0 (cts),         Atten.
   68.5822,             3,       4773.5352,     1.00000E+0
   68.5922,             5,       4772.4967,     1.00000E+0
   68.6022,             5,       4774.2549,     1.00000E+0
   68.6122,             4,       4775.8490,     1.00000E+0
   68.6222,             3,       4779.8267,     1.00000E+0
   68.6322,            12,       4784.8107,     1.00000E+0
   68.6422,             4,       4787.1364,     1.00000E+0
   68.6522,             9,       4787.8263,     1.00000E+0
   68.6622,             3,       4787.9528,     1.00000E+0
   68.6722,             6,       4786.1711,     1.00000E+0
   68.6822,             5,       4783.1416,     1.00000E+0
   68.6922,             4,       4782.7509,     1.00000E+0
   68.7022,             3,       4782.1459,     1.00000E+0
   68.7122,             3,       4777.5083,     1.00000E+0
   68.7222,             3,       4776.4531,     1.00000E+0
   68.7322,             7,       4774.0081,     1.00000E+0
   68.7422,            10,       4775.1752,     1.00000E+0
   68.7522,             5,       4775.1368,     1.00000E+0
   68.7622,             8,       4773.4851,     1.00000E+0
   68.7722,            14,       4773.5540,     1.00000E+0
   68.7822,             7,       4770.2710,     1.00000E+0
   68.7922,            10,       4767.9888,     1.00000E+0
   68.8022,            10,       4766.5257,     1.00000E+0
   68.8122,            10,       4762.8021,     1.00000E+0
   68.8222,             5,       4758.7525,     1.00000E+0
   68.8322,             7,       4757.5125,     1.00000E+0
   68.8422,            13,       4752.0922,     1.00000E+0
   68.8522,            13,       4748.4862,     1.00000E+0
   68.8622,            24,       4747.1379,     1.00000E+0
   68.8722,            15,       4748.3063,     1.00000E+0
   68.8822,            16,       4747.8388,     1.00000E+0
   68.8922,            12,       4746.6534,     1.00000E+0
   68.9022,            12,       4747.8181,     1.00000E+0
   68.9122,            17,       4752.7940,     1.00000E+0
   68.9222,            28,       4754.4272,     1.00000E+0
   68.9322,            27,       4758.3623,     1.00000E+0
   68.9422,            28,       4759.2845,     1.00000E+0
   68.9522,            21,       4761.2960,     1.00000E+0
   68.9622,            25,       4761.6230,     1.00000E+0
   68.9722,            18,       4760.8870,     1.00000E+0
   68.9822,            36,       4761.2859,     1.00000E+0
   68.9922,            33,       4759.4228,     1.00000E+0
   69.0022,            41,       4754.3210,     1.00000E+0
   69.0122,            43,       4755.6187,     1.00000E+0
   69.0222,            41,       4757.4182,     1.00000E+0
   69.0322,            33,       4754.3911,     1.00000E+0
   69.0422,            42,       4755.6688,     1.00000E+0
   69.0522,            68,       4757.2571,     1.00000E+0
   69.0622,            53,       4759.2333,     1.00000E+0
   69.0722,            64,       4758.6929,     1.00000E+0
   69.0822,            79,       4758.3221,     1.00000E+0
   69.0922,            69,       4755.9059,     1.00000E+0
   69.1022,            81,       4755.1994,     1.00000E+0
   69.1122,            82,       4750.8025,     1.00000E+0
   69.1222,           102,       4749.8684,     1.00000E+0
   69.1322,           108,       4748.0737,     1.00000E+0
   69.1422,           108,       4747.0684,     1.00000E+0
   69.1522,           134,       4741.9626,     1.00000E+0
   69.1622,           156,       4740.2238,     1.00000E+0
   69.1722,           169,       4738.1147,     1.00000E+0
   69.1822,           192,       4734.0785,     1.00000E+0
   69.1922,           231,       4729.7528,     1.00000E+0
   69.2022,           215,       4725.4547,     1.00000E+0
   69.2122,           266,       4723.2296,     1.00000E+0
   69.2222,           270,       4720.1430,     1.00000E+0
   69.2322,           299,       4720.4200,     1.00000E+0
   69.2422,           350,       4724.4111,     1.00000E+0
   69.2522,           400,       4726.8209,     1.00000E+0
   69.2622,           463,       4728.5627,     1.00000E+0
   69.2722,           550,       4734.1210,     1.00000E+0
   69.2822,           616,       4736.1705,     1.00000E+0
   69.2922,           708,       4740.2887,     1.00000E+0
   69.3022,           805,       4741.6849,     1.00000E+0
   69.3122,           899,       4743.9789,     1.00000E+0
   69.3222,          1110,       4744.9818,     1.00000E+0
   69.3322,          1291,       4747.9029,     1.00000E+0
   69.3422,          1514,       4747.2437,     1.00000E+0
   69.3522,          1767,       4746.1936,     1.00000E+0
   69.3622,          2106,       4746.5275,     1.00000E+0
   69.3722,          2433,       4746.7326,     1.00000E+0
   69.3822,          3162,       4742.8967,     1.00000E+0
   69.3922,          3657,       4741.8020,     1.00000E+0
   69.4022,          4407,       4739.3210,     1.00000E+0
   69.4122,          5568,       4734.5929,     1.00000E+0
   69.4222,          6969,       4728.8845,     1.00000E+0
   69.4322,          8764,       4723.9108,     1.00000E+0
   69.4422,         11584,       4721.4371,     1.00000E+0
   69.4522,         14825,       4717.8630,     1.00000E+0
   69.4622,         19660,       4718.5697,     1.00000E+0
   69.4722,         27352,       4719.7027,     1.00000E+0
   69.4822,         38185,       4718.5659,     1.00000E+0
   69.4922,         54308,       4721.1640,     1.00000E+0
   69.5022,         80688,       4720.7572,     1.00000E+0
   69.5122,        125782,       4718.3803,     1.00000E+0
   69.5222,        208165,       4722.3249,     1.00000E+0
   69.5322,        371190,       4724.0244,     1.00000E+0
   69.5422,        722272,       4723.7188,     1.00000E+0
   69.5522,       1641520,       4722.1005,     1.00000E+0
   69.5622,       4971138,       4719.5315,     1.00000E+0
   69.5722,        416934,       4719.7774,     5.39842E+1
   69.5822,       1210944,       4717.0186,     5.39842E+1
   69.5922,        612192,       4715.5658,     5.39842E+1
   69.6022,       6222359,       4711.1175,     1.00000E+0
   69.6122,       1666272,       4706.0338,     1.00000E+0
   69.6222,        592622,       4706.8319,     1.00000E+0
   69.6322,        247360,       4702.4728,     1.00000E+0
   69.6422,        118993,       4702.3948,     1.00000E+0
   69.6522,         63303,       4695.9228,     1.00000E+0
   69.6622,         35873,       4693.7763,     1.00000E+0
   69.6722,         21662,       4690.1073,     1.00000E+0
   69.6822,         13430,       4689.1851,     1.00000E+0
   69.6922,          8897,       4687.3230,     1.00000E+0
   69.7022,          5964,       4687.6338,     1.00000E+0
   69.7122,          3995,       4688.6354,     1.00000E+0
   69.7222,          2960,       4695.5848,     1.00000E+0
   69.7322,          2148,       4703.4375,     1.00000E+0
   69.7422,          1685,       4708.3203,     1.00000E+0
   69.7522,          1174,       4711.9346,     1.00000E+0
   69.7622,           934,       4716.9518,     1.00000E+0
   69.7722,           762,       4725.3113,     1.00000E+0
   69.7822,           575,       4728.7702,     1.00000E+0
   69.7922,           499,       4727.3197,     1.00000E+0
   69.8022,           407,       4728.8674,     1.00000E+0
   69.8122,           336,       4730.6647,     1.00000E+0
   69.8222,           290,       4732.5437,     1.00000E+0
   69.8322,           229,       4733.2506,     1.00000E+0
   69.8422,           188,       4734.4257,     1.00000E+0
   69.8522,           146,       4735.6928,     1.00000E+0
   69.8622,           126,       4736.1917,     1.00000E+0
   69.8722,           116,       4734.1078,     1.00000E+0
   69.8822,           100,       4737.4077,     1.00000E+0
   69.8922,            68,       4739.0983,     1.00000E+0
   69.9022,            83,       4737.9233,     1.00000E+0
   69.9122,            62,       4741.1224,     1.00000E+0
   69.9222,            63,       4739.9813,     1.00000E+0
   69.9322,            47,       4740.3909,     1.00000E+0
   69.9422,            40,       4739.4226,     1.00000E+0
   69.9522,            31,       4740.9338,     1.00000E+0
   69.9622,            31,       4740.5158,     1.00000E+0
   69.9722,            28,       4735.6595,     1.00000E+0
   69.9822,            33,       4731.2703,     1.00000E+0
   69.9922,            23,       4728.9049,     1.00000E+0
   70.0022,            28,       4728.4538,     1.00000E+0
   70.0122,            20,       4727.7486,     1.00000E+0
   70.0222,            18,       4726.1425,     1.00000E+0
   70.0322,            16,       4720.4045,     1.00000E+0
   70.0422,            17,       4722.3210,     1.00000E+0
   70.0522,            13,       4720.7487,     1.00000E+0
   70.0622,             9,       4716.9101,     1.00000E+0
   70.0722,            13,       4715.8924,     1.00000E+0
   70.0822,            12,       4717.0623,     1.00000E+0
   70.0922,             9,       4715.9840,     1.00000E+0
   70.1022,             5,       4718.5355,     1.00000E+0
   70.1122,             7,       4719.8587,     1.00000E+0
   70.1222,             8,       4719.8428,     1.00000E+0
   70.1322,            13,       4720.9232,     1.00000E+0
   70.1422,             8,       4722.6049,     1.00000E+0
   70.1522,             6,       4718.8917,     1.00000E+0
   70.1622,             8,       4714.7564,     1.00000E+0
   70.1722,             7,       4713.0602,     1.00000E+0
   70.1822,             8,       4709.7517,     1.00000E+0
   70.1922,             8,       4708.5281,     1.00000E+0
   70.2022,            20,       4706.8952,     1.00000E+0
   70.2122,             8,       4704.4903,     1.00000E+0
   70.2222,             4,       4703.5318,     1.00000E+0
   70.2322,             8,       4704.4791,     1.00000E+0
   70.2422,             5,       4705.6834,     1.00000E+0
   70.2522,             6,       4705.0513,     1.00000E+0
   70.2622,             2,       4707.0575,     1.00000E+0
   70.2722,             2,       4705.7475,     1.00000E+0
   70.2822,             6,       4704.5049,     1.00000E+0
   70.2922,             4,       4701.7384,     1.00000E+0
   70.3022,            13,       4703.7740,     1.00000E+0
   70.3122,             4,       4704.6572,     1.00000E+0
   70.3222,             3,       4705.6836,     1.00000E+0
   70.3322,             4,       4706.6542,     1.00000E+0
   70.3422,             1,       4707.0295,     1.00000E+0
   70.3522,             4,       4710.1277,     1.00000E+0
   70.3622,            23,       4710.1344,     1.00000E+0
   70.3722,             4,       4709.7485,     1.00000E+0
   70.3822,             2,       4708.7175,     1.00000E+0
   70.3922,             4,       4707.3801,     1.00000E+0
   70.4022,             1,       4708.6243,     1.00000E+0
   70.4122,             2,       4709.7588,     1.00000E+0
   70.4222,             3,       4710.3283,     1.00000E+0
   70.4322,             4,       4704.8697,     1.00000E+0
   70.4422,             0,       4707.7316,     1.00000E+0
   70.4522,             2,       4704.3911,     1.00000E+0
   70.4622,             1,       4701.7729,     1.00000E+0
   70.4722,             0,       4702.4627,     1.00000E+0
   70.4822,             0,       4700.1654,     1.00000E+0
   70.4922,             0,       4697.3222,     1.00000E+0
   70.5022,             1,       4698.0913,     1.00000E+0
   70.5122,             0,       4695.9193,     1.00000E+0
   70.5222,             2,       4695.4409,     1.00000E+0
   70.5322,             6,       4696.0752,     1.00000E+0
   70.5422,             1,       4699.3077,     1.00000E+0
   70.5522,             1,       4703.5261,     1.00000E+0
   70.5622,             2,       4705.1613,     1.00000E+0
   70.5722,             0,       4700.7109,     1.00000E+0
   70.5822,             2,       4703.5198,     1.00000E+0
