Si_RoughTEOS_omega_BG.dat
2025/08/21 12:59:23 - 13:04:57
É∆ : 34.3634 deg
2É∆ : 68.5822 deg
É‘ : 90.1731 deg
É” : 0.0000 deg
Sz : 11.606 mm
Rx : 0.1609 deg
Ry : 0.2883 deg
I0 slit H : 0.20 mm
I0 slit W : 1.00 mm
R1 slit H : 0.20 mm
R1 slit W : 1.00 mm
R2 slit H : 0.20 mm
R2 slit W : 1.00 mm
Scan axis : É∆
Start: 34.3234 deg, End: 34.4034 deg
Step: 0.0005 deg, Time: 1.0 sec
Axis (deg),       I (cts),        I0 (cts),         Atten.
   34.3234,             1,       4610.0805,     1.00000E+0
   34.3239,             6,       4610.4016,     1.00000E+0
   34.3244,             5,       4610.7960,     1.00000E+0
   34.3249,             2,       4613.7482,     1.00000E+0
   34.3254,             2,       4615.9840,     1.00000E+0
   34.3259,             4,       4614.6043,     1.00000E+0
   34.3264,             4,       4616.2523,     1.00000E+0
   34.3269,             0,       4619.1613,     1.00000E+0
   34.3274,             1,       4618.0225,     1.00000E+0
   34.3279,             0,       4617.0724,     1.00000E+0
   34.3284,             6,       4615.3791,     1.00000E+0
   34.3289,             3,       4617.0426,     1.00000E+0
   34.3294,             2,       4617.5322,     1.00000E+0
   34.3299,             3,       4617.6614,     1.00000E+0
   34.3304,             3,       4616.7046,     1.00000E+0
   34.3309,             2,       4614.1442,     1.00000E+0
   34.3314,             4,       4608.8704,     1.00000E+0
   34.3319,             1,       4611.5140,     1.00000E+0
   34.3324,             0,       4610.4451,     1.00000E+0
   34.3329,             6,       4612.1119,     1.00000E+0
   34.3334,             2,       4611.6986,     1.00000E+0
   34.3339,             2,       4607.9352,     1.00000E+0
   34.3344,             5,       4607.0898,     1.00000E+0
   34.3349,             3,       4606.5589,     1.00000E+0
   34.3354,             3,       4604.4944,     1.00000E+0
   34.3359,             3,       4606.2939,     1.00000E+0
   34.3364,             2,       4603.2985,     1.00000E+0
   34.3369,             6,       4604.8424,     1.00000E+0
   34.3374,             1,       4605.7977,     1.00000E+0
   34.3379,             4,       4606.4475,     1.00000E+0
   34.3384,             3,       4605.3865,     1.00000E+0
   34.3389,             2,       4606.3170,     1.00000E+0
   34.3394,             7,       4608.4690,     1.00000E+0
   34.3399,             2,       4607.5868,     1.00000E+0
   34.3404,             3,       4606.0824,     1.00000E+0
   34.3409,             6,       4607.9618,     1.00000E+0
   34.3414,             2,       4606.8702,     1.00000E+0
   34.3419,             0,       4605.7745,     1.00000E+0
   34.3424,             2,       4605.4616,     1.00000E+0
   34.3429,             1,       4602.4832,     1.00000E+0
   34.3434,             1,       4604.4782,     1.00000E+0
   34.3439,             3,       4601.2323,     1.00000E+0
   34.3444,             4,       4599.1439,     1.00000E+0
   34.3449,             3,       4600.7801,     1.00000E+0
   34.3454,             4,       4599.0320,     1.00000E+0
   34.3459,             2,       4595.3983,     1.00000E+0
   34.3464,             3,       4595.0821,     1.00000E+0
   34.3469,             1,       4594.2955,     1.00000E+0
   34.3474,             3,       4593.2566,     1.00000E+0
   34.3479,             2,       4589.3791,     1.00000E+0
   34.3484,             2,       4588.2387,     1.00000E+0
   34.3489,             3,       4588.6032,     1.00000E+0
   34.3494,             2,       4588.6242,     1.00000E+0
   34.3499,             4,       4589.7563,     1.00000E+0
   34.3504,             3,       4588.7238,     1.00000E+0
   34.3509,             3,       4591.0222,     1.00000E+0
   34.3514,             0,       4593.0204,     1.00000E+0
   34.3519,             4,       4589.9382,     1.00000E+0
   34.3524,             3,       4594.6824,     1.00000E+0
   34.3529,             4,       4598.5920,     1.00000E+0
   34.3534,             5,       4601.3367,     1.00000E+0
   34.3539,             2,       4602.5728,     1.00000E+0
   34.3544,             6,       4605.4519,     1.00000E+0
   34.3549,             2,       4608.6239,     1.00000E+0
   34.3554,             2,       4608.3314,     1.00000E+0
   34.3559,             5,       4610.2974,     1.00000E+0
   34.3564,             4,       4610.2186,     1.00000E+0
   34.3569,             2,       4610.2496,     1.00000E+0
   34.3574,             3,       4608.1316,     1.00000E+0
   34.3579,             6,       4609.6650,     1.00000E+0
   34.3584,             5,       4611.1710,     1.00000E+0
   34.3589,             5,       4608.6984,     1.00000E+0
   34.3594,             0,       4607.9156,     1.00000E+0
   34.3599,             4,       4606.4741,     1.00000E+0
   34.3604,             1,       4605.4180,     1.00000E+0
   34.3609,             2,       4605.5074,     1.00000E+0
   34.3614,            14,       4605.1208,     1.00000E+0
   34.3619,             4,       4605.1337,     1.00000E+0
   34.3624,            11,       4604.9336,     1.00000E+0
   34.3629,             4,       4604.6022,     1.00000E+0
   34.3634,             4,       4600.5386,     1.00000E+0
   34.3639,             7,       4601.7076,     1.00000E+0
   34.3644,             4,       4599.3306,     1.00000E+0
   34.3649,             1,       4601.2510,     1.00000E+0
   34.3654,             4,       4599.2914,     1.00000E+0
   34.3659,             4,       4599.7494,     1.00000E+0
   34.3664,             2,       4595.7633,     1.00000E+0
   34.3669,             2,       4593.8446,     1.00000E+0
   34.3674,             6,       4591.2183,     1.00000E+0
   34.3679,             2,       4593.5510,     1.00000E+0
   34.3684,             2,       4589.6625,     1.00000E+0
   34.3689,             2,       4587.4584,     1.00000E+0
   34.3694,             3,       4587.8886,     1.00000E+0
   34.3699,             3,       4584.8329,     1.00000E+0
   34.3704,             2,       4583.7563,     1.00000E+0
   34.3709,             2,       4581.6189,     1.00000E+0
   34.3714,             5,       4579.4957,     1.00000E+0
   34.3719,             4,       4579.5160,     1.00000E+0
   34.3724,             5,       4575.9205,     1.00000E+0
   34.3729,             1,       4580.6365,     1.00000E+0
   34.3734,             1,       4580.8051,     1.00000E+0
   34.3739,             8,       4580.3683,     1.00000E+0
   34.3744,             4,       4580.4862,     1.00000E+0
   34.3749,             3,       4580.3677,     1.00000E+0
   34.3754,             2,       4582.5276,     1.00000E+0
   34.3759,             1,       4583.7479,     1.00000E+0
   34.3764,             3,       4583.2380,     1.00000E+0
   34.3769,             3,       4581.5956,     1.00000E+0
   34.3774,             4,       4581.5704,     1.00000E+0
   34.3779,             1,       4582.8371,     1.00000E+0
   34.3784,             0,       4581.5849,     1.00000E+0
   34.3789,             2,       4583.0725,     1.00000E+0
   34.3794,             3,       4581.7412,     1.00000E+0
   34.3799,             3,       4581.6667,     1.00000E+0
   34.3804,             3,       4579.3657,     1.00000E+0
   34.3809,             3,       4576.1995,     1.00000E+0
   34.3814,             4,       4575.7963,     1.00000E+0
   34.3819,             3,       4577.2769,     1.00000E+0
   34.3824,             2,       4575.9621,     1.00000E+0
   34.3829,             1,       4570.2171,     1.00000E+0
   34.3834,             4,       4571.7687,     1.00000E+0
   34.3839,            10,       4571.0743,     1.00000E+0
   34.3844,             2,       4572.3445,     1.00000E+0
   34.3849,             4,       4571.6678,     1.00000E+0
   34.3854,             0,       4570.5581,     1.00000E+0
   34.3859,             5,       4571.3312,     1.00000E+0
   34.3864,             4,       4568.9625,     1.00000E+0
   34.3869,             2,       4566.6676,     1.00000E+0
   34.3874,             5,       4569.9266,     1.00000E+0
   34.3879,             0,       4573.4769,     1.00000E+0
   34.3884,             3,       4571.6487,     1.00000E+0
   34.3889,             2,       4572.5289,     1.00000E+0
   34.3894,             2,       4571.1307,     1.00000E+0
   34.3899,             2,       4573.3231,     1.00000E+0
   34.3904,             5,       4572.6288,     1.00000E+0
   34.3909,             1,       4572.7470,     1.00000E+0
   34.3914,             5,       4574.9950,     1.00000E+0
   34.3919,             7,       4577.1015,     1.00000E+0
   34.3924,             2,       4580.1700,     1.00000E+0
   34.3929,             2,       4581.4021,     1.00000E+0
   34.3934,             5,       4579.1948,     1.00000E+0
   34.3939,             5,       4580.8429,     1.00000E+0
   34.3944,             6,       4582.3849,     1.00000E+0
   34.3949,             3,       4583.1912,     1.00000E+0
   34.3954,             6,       4582.5083,     1.00000E+0
   34.3959,             3,       4580.3858,     1.00000E+0
   34.3964,             2,       4587.1872,     1.00000E+0
   34.3969,             8,       4588.2136,     1.00000E+0
   34.3974,             5,       4585.2154,     1.00000E+0
   34.3979,             2,       4582.4147,     1.00000E+0
   34.3984,             5,       4585.9988,     1.00000E+0
   34.3989,             1,       4586.1082,     1.00000E+0
   34.3994,             3,       4586.0808,     1.00000E+0
   34.3999,             6,       4583.3549,     1.00000E+0
   34.4004,             2,       4581.3758,     1.00000E+0
   34.4009,             2,       4580.0765,     1.00000E+0
   34.4014,             4,       4574.3973,     1.00000E+0
   34.4019,             4,       4573.1295,     1.00000E+0
   34.4024,             4,       4568.6484,     1.00000E+0
   34.4029,             3,       4571.0776,     1.00000E+0
   34.4034,             2,       4569.4895,     1.00000E+0
