Si_TEOS_2thome_2.dat
2025/08/21 16:03:47 - 16:14:14
É∆ : 34.4348 deg
2É∆ : 69.5846 deg
É‘ : 89.5004 deg
É” : 0.0000 deg
Sz : 11.594 mm
Rx : 0.1609 deg
Ry : 0.2031 deg
I0 slit H : 0.20 mm
I0 slit W : 1.00 mm
R1 slit H : 0.20 mm
R1 slit W : 1.00 mm
R2 slit H : 0.20 mm
R2 slit W : 1.00 mm
Scan axis : 2É∆/É∆
Start: 68.5846 deg, End: 70.5846 deg
Step: 0.0100 deg, Time: 1.0 sec
Axis (deg),       I (cts),        I0 (cts),         Atten.
   68.5846,            35,       3446.6130,     1.00000E+0
   68.5946,            29,       3446.4414,     1.00000E+0
   68.6046,            61,       3447.1953,     1.00000E+0
   68.6146,            31,       3446.2619,     1.00000E+0
   68.6246,            33,       3446.5405,     1.00000E+0
   68.6346,            29,       3446.4833,     1.00000E+0
   68.6446,            31,       3445.7637,     1.00000E+0
   68.6546,            48,       3446.5602,     1.00000E+0
   68.6646,            36,       3444.7525,     1.00000E+0
   68.6746,            42,       3444.8428,     1.00000E+0
   68.6846,            41,       3445.2280,     1.00000E+0
   68.6946,            33,       3444.8924,     1.00000E+0
   68.7046,            38,       3443.7277,     1.00000E+0
   68.7146,            51,       3443.6675,     1.00000E+0
   68.7246,            50,       3442.9639,     1.00000E+0
   68.7346,            45,       3442.1879,     1.00000E+0
   68.7446,            45,       3444.1145,     1.00000E+0
   68.7546,            51,       3442.3150,     1.00000E+0
   68.7646,            42,       3441.6909,     1.00000E+0
   68.7746,            39,       3441.5354,     1.00000E+0
   68.7846,            50,       3442.2975,     1.00000E+0
   68.7946,            66,       3442.1288,     1.00000E+0
   68.8046,            43,       3439.1416,     1.00000E+0
   68.8146,            48,       3439.6749,     1.00000E+0
   68.8246,            51,       3438.1967,     1.00000E+0
   68.8346,            54,       3440.3676,     1.00000E+0
   68.8446,            62,       3438.2586,     1.00000E+0
   68.8546,            46,       3438.4614,     1.00000E+0
   68.8646,            54,       3436.8106,     1.00000E+0
   68.8746,            79,       3436.0760,     1.00000E+0
   68.8846,            57,       3435.2459,     1.00000E+0
   68.8946,            75,       3435.3396,     1.00000E+0
   68.9046,            74,       3434.8361,     1.00000E+0
   68.9146,            77,       3433.9061,     1.00000E+0
   68.9246,            77,       3434.0948,     1.00000E+0
   68.9346,            64,       3432.1421,     1.00000E+0
   68.9446,            71,       3431.2862,     1.00000E+0
   68.9546,            71,       3431.6173,     1.00000E+0
   68.9646,            81,       3430.8470,     1.00000E+0
   68.9746,            80,       3430.9893,     1.00000E+0
   68.9846,            71,       3430.4423,     1.00000E+0
   68.9946,            78,       3427.4162,     1.00000E+0
   69.0046,            99,       3428.6759,     1.00000E+0
   69.0146,            88,       3426.7321,     1.00000E+0
   69.0246,           107,       3428.2461,     1.00000E+0
   69.0346,            90,       3427.8249,     1.00000E+0
   69.0446,            93,       3428.8169,     1.00000E+0
   69.0546,            99,       3428.2838,     1.00000E+0
   69.0646,           108,       3427.7679,     1.00000E+0
   69.0746,            99,       3426.5818,     1.00000E+0
   69.0846,           127,       3425.7929,     1.00000E+0
   69.0946,           103,       3427.4141,     1.00000E+0
   69.1046,           137,       3425.3959,     1.00000E+0
   69.1146,           129,       3425.1963,     1.00000E+0
   69.1246,           134,       3423.5961,     1.00000E+0
   69.1346,           154,       3424.3171,     1.00000E+0
   69.1446,           162,       3424.4016,     1.00000E+0
   69.1546,           157,       3424.5822,     1.00000E+0
   69.1646,           159,       3423.8328,     1.00000E+0
   69.1746,           162,       3425.0040,     1.00000E+0
   69.1846,           172,       3423.0572,     1.00000E+0
   69.1946,           196,       3423.9308,     1.00000E+0
   69.2046,           181,       3423.9329,     1.00000E+0
   69.2146,           229,       3422.9796,     1.00000E+0
   69.2246,           223,       3423.3213,     1.00000E+0
   69.2346,           234,       3424.8093,     1.00000E+0
   69.2446,           255,       3424.2161,     1.00000E+0
   69.2546,           242,       3423.9511,     1.00000E+0
   69.2646,           279,       3422.9445,     1.00000E+0
   69.2746,           299,       3423.0614,     1.00000E+0
   69.2846,           307,       3423.6095,     1.00000E+0
   69.2946,           300,       3424.5040,     1.00000E+0
   69.3046,           367,       3424.5867,     1.00000E+0
   69.3146,           367,       3424.6987,     1.00000E+0
   69.3246,           394,       3425.7385,     1.00000E+0
   69.3346,           395,       3423.8894,     1.00000E+0
   69.3446,           454,       3424.5070,     1.00000E+0
   69.3546,           500,       3426.8845,     1.00000E+0
   69.3646,           551,       3424.6797,     1.00000E+0
   69.3746,           570,       3425.4696,     1.00000E+0
   69.3846,           580,       3423.3651,     1.00000E+0
   69.3946,           664,       3423.6631,     1.00000E+0
   69.4046,           790,       3423.1390,     1.00000E+0
   69.4146,           789,       3423.2109,     1.00000E+0
   69.4246,           927,       3422.0202,     1.00000E+0
   69.4346,          1118,       3422.5011,     1.00000E+0
   69.4446,          1319,       3419.6880,     1.00000E+0
   69.4546,          1315,       3419.3884,     1.00000E+0
   69.4646,          1730,       3419.2765,     1.00000E+0
   69.4746,          1928,       3419.6708,     1.00000E+0
   69.4846,          2380,       3418.4292,     1.00000E+0
   69.4946,          2777,       3418.3407,     1.00000E+0
   69.5046,          3529,       3418.9800,     1.00000E+0
   69.5146,          4394,       3418.4806,     1.00000E+0
   69.5246,          5901,       3418.1518,     1.00000E+0
   69.5346,          8592,       3418.7587,     1.00000E+0
   69.5446,         13420,       3419.4838,     1.00000E+0
   69.5546,         24471,       3416.8180,     1.00000E+0
   69.5646,         64193,       3417.2361,     1.00000E+0
   69.5746,         32798,       3418.0384,     5.39842E+1
   69.5846,        378650,       3419.1796,     5.39842E+1
   69.5946,        159144,       3415.9772,     5.39842E+1
   69.6046,        262875,       3417.4989,     1.00000E+0
   69.6146,         60593,       3417.2269,     1.00000E+0
   69.6246,         19446,       3415.9509,     1.00000E+0
   69.6346,         10635,       3417.0937,     1.00000E+0
   69.6446,          6970,       3418.2831,     1.00000E+0
   69.6546,          5060,       3417.9533,     1.00000E+0
   69.6646,          3844,       3417.9877,     1.00000E+0
   69.6746,          2861,       3416.8417,     1.00000E+0
   69.6846,          2240,       3418.1131,     1.00000E+0
   69.6946,          1867,       3417.6184,     1.00000E+0
   69.7046,          1443,       3414.0995,     1.00000E+0
   69.7146,          1292,       3414.3497,     1.00000E+0
   69.7246,          1093,       3414.1340,     1.00000E+0
   69.7346,           924,       3415.0806,     1.00000E+0
   69.7446,           837,       3413.5469,     1.00000E+0
   69.7546,           709,       3412.3818,     1.00000E+0
   69.7646,           621,       3411.8632,     1.00000E+0
   69.7746,           537,       3409.6500,     1.00000E+0
   69.7846,           496,       3408.9524,     1.00000E+0
   69.7946,           420,       3409.4399,     1.00000E+0
   69.8046,           410,       3409.3495,     1.00000E+0
   69.8146,           356,       3409.5559,     1.00000E+0
   69.8246,           321,       3407.5594,     1.00000E+0
   69.8346,           298,       3409.5928,     1.00000E+0
   69.8446,           297,       3408.1272,     1.00000E+0
   69.8546,           247,       3408.3408,     1.00000E+0
   69.8646,           233,       3405.2272,     1.00000E+0
   69.8746,           219,       3404.9059,     1.00000E+0
   69.8846,           196,       3405.6069,     1.00000E+0
   69.8946,           165,       3402.8596,     1.00000E+0
   69.9046,           173,       3403.0047,     1.00000E+0
   69.9146,           120,       3402.3167,     1.00000E+0
   69.9246,           124,       3402.9811,     1.00000E+0
   69.9346,           111,       3401.4211,     1.00000E+0
   69.9446,           114,       3401.8100,     1.00000E+0
   69.9546,           116,       3403.5525,     1.00000E+0
   69.9646,           115,       3403.4531,     1.00000E+0
   69.9746,            85,       3400.8939,     1.00000E+0
   69.9846,            71,       3402.7990,     1.00000E+0
   69.9946,            63,       3403.5167,     1.00000E+0
   70.0046,            72,       3403.5013,     1.00000E+0
   70.0146,            64,       3405.5264,     1.00000E+0
   70.0246,            61,       3404.6771,     1.00000E+0
   70.0346,            47,       3406.9335,     1.00000E+0
   70.0446,            39,       3405.6527,     1.00000E+0
   70.0546,            47,       3406.0839,     1.00000E+0
   70.0646,            54,       3406.9197,     1.00000E+0
   70.0746,            36,       3407.5180,     1.00000E+0
   70.0846,            39,       3407.3238,     1.00000E+0
   70.0946,            34,       3407.7389,     1.00000E+0
   70.1046,            39,       3408.1180,     1.00000E+0
   70.1146,            28,       3407.7083,     1.00000E+0
   70.1246,            19,       3407.7502,     1.00000E+0
   70.1346,            30,       3406.3745,     1.00000E+0
   70.1446,            18,       3406.3600,     1.00000E+0
   70.1546,            18,       3404.7134,     1.00000E+0
   70.1646,            13,       3406.6305,     1.00000E+0
   70.1746,            19,       3405.0951,     1.00000E+0
   70.1846,            18,       3405.0806,     1.00000E+0
   70.1946,            21,       3402.5700,     1.00000E+0
   70.2046,            16,       3402.5731,     1.00000E+0
   70.2146,            12,       3405.2235,     1.00000E+0
   70.2246,            16,       3404.1336,     1.00000E+0
   70.2346,             8,       3404.1486,     1.00000E+0
   70.2446,            12,       3404.2923,     1.00000E+0
   70.2546,             8,       3402.5336,     1.00000E+0
   70.2646,            15,       3403.0979,     1.00000E+0
   70.2746,             6,       3402.4336,     1.00000E+0
   70.2846,             6,       3402.1730,     1.00000E+0
   70.2946,            13,       3403.4223,     1.00000E+0
   70.3046,             8,       3400.5746,     1.00000E+0
   70.3146,             7,       3398.2646,     1.00000E+0
   70.3246,             5,       3398.6870,     1.00000E+0
   70.3346,             8,       3401.2921,     1.00000E+0
   70.3446,             7,       3399.2071,     1.00000E+0
   70.3546,             5,       3396.0941,     1.00000E+0
   70.3646,             6,       3397.6109,     1.00000E+0
   70.3746,             4,       3395.9780,     1.00000E+0
   70.3846,            17,       3395.4822,     1.00000E+0
   70.3946,             6,       3396.7472,     1.00000E+0
   70.4046,             6,       3395.9035,     1.00000E+0
   70.4146,             5,       3395.3370,     1.00000E+0
   70.4246,             3,       3395.7978,     1.00000E+0
   70.4346,             5,       3395.0680,     1.00000E+0
   70.4446,             5,       3394.2115,     1.00000E+0
   70.4546,             6,       3392.1511,     1.00000E+0
   70.4646,             3,       3391.1021,     1.00000E+0
   70.4746,             1,       3390.3474,     1.00000E+0
   70.4846,             5,       3389.0518,     1.00000E+0
   70.4946,             5,       3390.6464,     1.00000E+0
   70.5046,             7,       3387.9341,     1.00000E+0
   70.5146,             9,       3386.2616,     1.00000E+0
   70.5246,             2,       3387.1592,     1.00000E+0
   70.5346,             3,       3388.2470,     1.00000E+0
   70.5446,             6,       3385.8647,     1.00000E+0
   70.5546,             4,       3388.5488,     1.00000E+0
   70.5646,             2,       3387.0595,     1.00000E+0
   70.5746,             1,       3388.6559,     1.00000E+0
   70.5846,             4,       3390.5785,     1.00000E+0
