Si_TEOS_omega_2.dat
2025/08/21 15:52:48 - 16:02:31
ƒÆ : 34.4348 deg
2ƒÆ : 69.5846 deg
ƒÔ : 89.5004 deg
ƒÓ : 0.0000 deg
Sz : 11.594 mm
Rx : 0.1609 deg
Ry : 0.2031 deg
I0 slit H : 0.20 mm
I0 slit W : 1.00 mm
R1 slit H : 0.20 mm
R1 slit W : 1.00 mm
R2 slit H : 0.20 mm
R2 slit W : 1.00 mm
Scan axis : ƒÆ
Start: 34.3348 deg, End: 34.5348 deg
Step: 0.0010 deg, Time: 1.0 sec
Axis (deg),       I (cts),        I0 (cts),         Atten.
   34.3348,            74,       3502.4890,     1.00000E+0
   34.3358,            88,       3501.0000,     1.00000E+0
   34.3368,            85,       3500.2133,     1.00000E+0
   34.3378,            79,       3499.2729,     1.00000E+0
   34.3388,            71,       3501.7039,     1.00000E+0
   34.3398,            76,       3501.4844,     1.00000E+0
   34.3408,            59,       3501.4986,     1.00000E+0
   34.3418,            80,       3502.0741,     1.00000E+0
   34.3428,            71,       3502.6305,     1.00000E+0
   34.3438,            81,       3502.1713,     1.00000E+0
   34.3448,            98,       3503.0702,     1.00000E+0
   34.3458,            90,       3502.5198,     1.00000E+0
   34.3468,            91,       3502.4345,     1.00000E+0
   34.3478,            87,       3500.7291,     1.00000E+0
   34.3488,            89,       3499.9492,     1.00000E+0
   34.3498,            92,       3499.8040,     1.00000E+0
   34.3508,            88,       3500.1152,     1.00000E+0
   34.3518,            89,       3498.7303,     1.00000E+0
   34.3528,            98,       3497.8473,     1.00000E+0
   34.3538,           102,       3497.6951,     1.00000E+0
   34.3548,           115,       3497.3558,     1.00000E+0
   34.3558,           121,       3497.3769,     1.00000E+0
   34.3568,           105,       3497.0934,     1.00000E+0
   34.3578,           113,       3495.6541,     1.00000E+0
   34.3588,           106,       3497.7120,     1.00000E+0
   34.3598,           100,       3495.6588,     1.00000E+0
   34.3608,           133,       3497.4292,     1.00000E+0
   34.3618,           122,       3497.0384,     1.00000E+0
   34.3628,           134,       3495.5755,     1.00000E+0
   34.3638,           119,       3496.3705,     1.00000E+0
   34.3648,           133,       3495.9860,     1.00000E+0
   34.3658,           137,       3496.5196,     1.00000E+0
   34.3668,           150,       3495.3767,     1.00000E+0
   34.3678,           161,       3495.8816,     1.00000E+0
   34.3688,           164,       3495.4882,     1.00000E+0
   34.3698,           130,       3494.6349,     1.00000E+0
   34.3708,           138,       3495.0232,     1.00000E+0
   34.3718,           176,       3494.0774,     1.00000E+0
   34.3728,           184,       3493.6763,     1.00000E+0
   34.3738,           164,       3492.6582,     1.00000E+0
   34.3748,           173,       3493.2566,     1.00000E+0
   34.3758,           180,       3492.1563,     1.00000E+0
   34.3768,           151,       3492.4124,     1.00000E+0
   34.3778,           184,       3492.2846,     1.00000E+0
   34.3788,           199,       3492.4433,     1.00000E+0
   34.3798,           221,       3492.6566,     1.00000E+0
   34.3808,           192,       3490.7596,     1.00000E+0
   34.3818,           203,       3488.9442,     1.00000E+0
   34.3828,           229,       3491.1041,     1.00000E+0
   34.3838,           227,       3490.7293,     1.00000E+0
   34.3848,           234,       3489.4091,     1.00000E+0
   34.3858,           220,       3489.6683,     1.00000E+0
   34.3868,           216,       3488.7228,     1.00000E+0
   34.3878,           270,       3488.7257,     1.00000E+0
   34.3888,           261,       3489.7735,     1.00000E+0
   34.3898,           302,       3487.8651,     1.00000E+0
   34.3908,           280,       3489.0582,     1.00000E+0
   34.3918,           292,       3489.8705,     1.00000E+0
   34.3928,           282,       3488.3099,     1.00000E+0
   34.3938,           312,       3486.8573,     1.00000E+0
   34.3948,           316,       3488.1142,     1.00000E+0
   34.3958,           365,       3489.0396,     1.00000E+0
   34.3968,           313,       3487.9529,     1.00000E+0
   34.3978,           373,       3486.6274,     1.00000E+0
   34.3988,           406,       3486.0352,     1.00000E+0
   34.3998,           388,       3484.4533,     1.00000E+0
   34.4008,           451,       3485.5395,     1.00000E+0
   34.4018,           415,       3484.1394,     1.00000E+0
   34.4028,           414,       3483.7423,     1.00000E+0
   34.4038,           433,       3484.5046,     1.00000E+0
   34.4048,           445,       3484.5063,     1.00000E+0
   34.4058,           483,       3483.1813,     1.00000E+0
   34.4068,           563,       3484.4577,     1.00000E+0
   34.4078,           569,       3483.8731,     1.00000E+0
   34.4088,           632,       3484.4124,     1.00000E+0
   34.4098,           638,       3484.5168,     1.00000E+0
   34.4108,           646,       3483.7862,     1.00000E+0
   34.4118,           684,       3483.4800,     1.00000E+0
   34.4128,           758,       3482.9377,     1.00000E+0
   34.4138,           828,       3483.0403,     1.00000E+0
   34.4148,           850,       3481.4282,     1.00000E+0
   34.4158,           909,       3484.3854,     1.00000E+0
   34.4168,          1042,       3482.5253,     1.00000E+0
   34.4178,          1164,       3483.5016,     1.00000E+0
   34.4188,          1233,       3481.8543,     1.00000E+0
   34.4198,          1467,       3482.2115,     1.00000E+0
   34.4208,          1728,       3483.5259,     1.00000E+0
   34.4218,          2014,       3482.1680,     1.00000E+0
   34.4228,          2533,       3481.2981,     1.00000E+0
   34.4238,          3439,       3481.3889,     1.00000E+0
   34.4248,          5822,       3480.8906,     1.00000E+0
   34.4258,         16881,       3481.1175,     1.00000E+0
   34.4268,         75369,       3480.6127,     1.00000E+0
   34.4278,        353159,       3478.7040,     1.00000E+0
   34.4288,       1269031,       3478.4371,     1.00000E+0
   34.4298,         64467,       3479.1888,     5.39842E+1
   34.4308,        132677,       3480.4434,     5.39842E+1
   34.4318,        225786,       3478.8102,     5.39842E+1
   34.4328,        332956,       3480.7421,     5.39842E+1
   34.4338,        433183,       3479.8483,     5.39842E+1
   34.4348,        508299,       3479.6600,     5.39842E+1
   34.4358,        551831,       3477.7412,     5.39842E+1
   34.4368,        568258,       3479.2088,     5.39842E+1
   34.4378,        572775,       3477.4485,     5.39842E+1
   34.4388,        570136,       3477.7481,     5.39842E+1
   34.4398,        566972,       3476.4845,     5.39842E+1
   34.4408,        562088,       3476.7647,     5.39842E+1
   34.4418,        555399,       3475.9593,     5.39842E+1
   34.4428,        546954,       3474.0486,     5.39842E+1
   34.4438,        538144,       3476.7959,     5.39842E+1
   34.4448,        522776,       3475.7945,     5.39842E+1
   34.4458,        504666,       3473.8087,     5.39842E+1
   34.4468,        478434,       3473.5146,     5.39842E+1
   34.4478,        441680,       3475.3367,     5.39842E+1
   34.4488,        382806,       3474.0307,     5.39842E+1
   34.4498,        306355,       3474.6675,     5.39842E+1
   34.4508,        223059,       3475.1286,     5.39842E+1
   34.4518,        140588,       3473.9980,     5.39842E+1
   34.4528,         72981,       3473.1065,     5.39842E+1
   34.4538,         29785,       3472.9924,     5.39842E+1
   34.4548,          9788,       3475.5301,     5.39842E+1
   34.4558,          3525,       3473.9383,     5.39842E+1
   34.4568,         68780,       3474.6123,     1.00000E+0
   34.4578,         40579,       3473.6088,     1.00000E+0
   34.4588,         29157,       3473.6322,     1.00000E+0
   34.4598,         23022,       3473.7368,     1.00000E+0
   34.4608,         18156,       3472.2147,     1.00000E+0
   34.4618,         13547,       3472.0836,     1.00000E+0
   34.4628,          9544,       3470.4794,     1.00000E+0
   34.4638,          6353,       3469.4075,     1.00000E+0
   34.4648,          3921,       3470.1086,     1.00000E+0
   34.4658,          2254,       3470.8804,     1.00000E+0
   34.4668,          1442,       3470.0891,     1.00000E+0
   34.4678,          1036,       3471.0703,     1.00000E+0
   34.4688,           866,       3468.2789,     1.00000E+0
   34.4698,           807,       3469.7905,     1.00000E+0
   34.4708,           704,       3467.1349,     1.00000E+0
   34.4718,           717,       3469.4679,     1.00000E+0
   34.4728,           630,       3467.7485,     1.00000E+0
   34.4738,           608,       3467.4953,     1.00000E+0
   34.4748,           583,       3468.7417,     1.00000E+0
   34.4758,           579,       3466.5390,     1.00000E+0
   34.4768,           517,       3467.3240,     1.00000E+0
   34.4778,           485,       3466.8036,     1.00000E+0
   34.4788,           476,       3465.8886,     1.00000E+0
   34.4798,           500,       3463.6643,     1.00000E+0
   34.4808,           481,       3465.9540,     1.00000E+0
   34.4818,           447,       3464.2672,     1.00000E+0
   34.4828,           411,       3462.8260,     1.00000E+0
   34.4838,           399,       3466.4056,     1.00000E+0
   34.4848,           346,       3464.6257,     1.00000E+0
   34.4858,           378,       3465.2049,     1.00000E+0
   34.4868,           365,       3463.9546,     1.00000E+0
   34.4878,           347,       3465.1791,     1.00000E+0
   34.4888,           334,       3465.7211,     1.00000E+0
   34.4898,           311,       3464.2454,     1.00000E+0
   34.4908,           291,       3464.4359,     1.00000E+0
   34.4918,           299,       3465.6005,     1.00000E+0
   34.4928,           279,       3463.1413,     1.00000E+0
   34.4938,           272,       3462.9996,     1.00000E+0
   34.4948,           292,       3461.7278,     1.00000E+0
   34.4958,           270,       3462.4726,     1.00000E+0
   34.4968,           235,       3462.2371,     1.00000E+0
   34.4978,           258,       3461.4219,     1.00000E+0
   34.4988,           226,       3461.2228,     1.00000E+0
   34.4998,           231,       3460.3992,     1.00000E+0
   34.5008,           211,       3460.3267,     1.00000E+0
   34.5018,           217,       3457.9902,     1.00000E+0
   34.5028,           222,       3459.4793,     1.00000E+0
   34.5038,           192,       3459.2439,     1.00000E+0
   34.5048,           206,       3458.9280,     1.00000E+0
   34.5058,           161,       3457.8698,     1.00000E+0
   34.5068,           164,       3457.5105,     1.00000E+0
   34.5078,           179,       3457.5229,     1.00000E+0
   34.5088,           167,       3458.5748,     1.00000E+0
   34.5098,           141,       3456.6825,     1.00000E+0
   34.5108,           168,       3458.7575,     1.00000E+0
   34.5118,           118,       3457.2763,     1.00000E+0
   34.5128,           149,       3456.8083,     1.00000E+0
   34.5138,           150,       3455.7801,     1.00000E+0
   34.5148,           134,       3456.4851,     1.00000E+0
   34.5158,           122,       3454.3235,     1.00000E+0
   34.5168,           142,       3456.7597,     1.00000E+0
   34.5178,           137,       3456.1834,     1.00000E+0
   34.5188,           133,       3456.2526,     1.00000E+0
   34.5198,           129,       3455.0479,     1.00000E+0
   34.5208,           121,       3454.9518,     1.00000E+0
   34.5218,           110,       3455.5982,     1.00000E+0
   34.5228,           119,       3454.2443,     1.00000E+0
   34.5238,           110,       3453.0052,     1.00000E+0
   34.5248,           119,       3452.9935,     1.00000E+0
   34.5258,           112,       3454.7316,     1.00000E+0
   34.5268,           131,       3453.8848,     1.00000E+0
   34.5278,            89,       3453.5040,     1.00000E+0
   34.5288,           109,       3454.5384,     1.00000E+0
   34.5298,           103,       3452.9535,     1.00000E+0
   34.5308,            82,       3455.0880,     1.00000E+0
   34.5318,           101,       3453.0526,     1.00000E+0
   34.5328,           176,       3454.5588,     1.00000E+0
   34.5338,            84,       3454.1822,     1.00000E+0
   34.5348,            75,       3453.6317,     1.00000E+0
