Si_Thermo_2thome_2.dat
2025/08/21 17:14:48 - 17:28:30
É∆ : 34.4588 deg
2É∆ : 69.5890 deg
É‘ : 89.6532 deg
É” : 0.0000 deg
Sz : 11.600 mm
Rx : 0.1609 deg
Ry : 0.0877 deg
I0 slit H : 0.20 mm
I0 slit W : 1.00 mm
R1 slit H : 0.20 mm
R1 slit W : 1.00 mm
R2 slit H : 0.20 mm
R2 slit W : 1.00 mm
Scan axis : 2É∆/É∆
Start: 68.5890 deg, End: 70.5890 deg
Step: 0.0100 deg, Time: 2.0 sec
Axis (deg),       I (cts),        I0 (cts),         Atten.
   68.5890,            73,       6094.1574,     1.00000E+0
   68.5990,            61,       6094.6586,     1.00000E+0
   68.6090,            85,       6092.7295,     1.00000E+0
   68.6190,            97,       6093.0116,     1.00000E+0
   68.6290,            98,       6091.2644,     1.00000E+0
   68.6390,           108,       6089.6418,     1.00000E+0
   68.6490,           120,       6088.3094,     1.00000E+0
   68.6590,           110,       6088.5502,     1.00000E+0
   68.6690,           109,       6087.1127,     1.00000E+0
   68.6790,           115,       6086.8088,     1.00000E+0
   68.6890,           101,       6086.3246,     1.00000E+0
   68.6990,           125,       6083.4392,     1.00000E+0
   68.7090,           132,       6084.8059,     1.00000E+0
   68.7190,           117,       6082.0633,     1.00000E+0
   68.7290,           141,       6082.7097,     1.00000E+0
   68.7390,           136,       6081.1132,     1.00000E+0
   68.7490,           148,       6080.5246,     1.00000E+0
   68.7590,           144,       6079.0857,     1.00000E+0
   68.7690,           159,       6077.3609,     1.00000E+0
   68.7790,           159,       6077.3577,     1.00000E+0
   68.7890,           176,       6076.4671,     1.00000E+0
   68.7990,           165,       6076.5520,     1.00000E+0
   68.8090,           179,       6076.9780,     1.00000E+0
   68.8190,           187,       6075.7184,     1.00000E+0
   68.8290,           169,       6073.9060,     1.00000E+0
   68.8390,           209,       6073.6544,     1.00000E+0
   68.8490,           188,       6072.4590,     1.00000E+0
   68.8590,           215,       6072.7296,     1.00000E+0
   68.8690,           210,       6073.5990,     1.00000E+0
   68.8790,           256,       6072.2742,     1.00000E+0
   68.8890,           261,       6071.0856,     1.00000E+0
   68.8990,           233,       6069.1564,     1.00000E+0
   68.9090,           272,       6070.5551,     1.00000E+0
   68.9190,           255,       6068.6208,     1.00000E+0
   68.9290,           259,       6069.1150,     1.00000E+0
   68.9390,           309,       6066.3268,     1.00000E+0
   68.9490,           285,       6065.3677,     1.00000E+0
   68.9590,           296,       6065.0058,     1.00000E+0
   68.9690,           383,       6064.2025,     1.00000E+0
   68.9790,           339,       6064.5363,     1.00000E+0
   68.9890,           354,       6064.0093,     1.00000E+0
   68.9990,           342,       6065.4201,     1.00000E+0
   69.0090,           388,       6064.9467,     1.00000E+0
   69.0190,           404,       6065.0608,     1.00000E+0
   69.0290,           394,       6064.6255,     1.00000E+0
   69.0390,           432,       6062.5983,     1.00000E+0
   69.0490,           458,       6062.4493,     1.00000E+0
   69.0590,           454,       6062.6488,     1.00000E+0
   69.0690,           521,       6057.9475,     1.00000E+0
   69.0790,           526,       6054.8806,     1.00000E+0
   69.0890,           562,       6054.3870,     1.00000E+0
   69.0990,           584,       6049.4738,     1.00000E+0
   69.1090,           549,       6048.8780,     1.00000E+0
   69.1190,           573,       6043.9576,     1.00000E+0
   69.1290,           613,       6041.5813,     1.00000E+0
   69.1390,           659,       6038.7314,     1.00000E+0
   69.1490,           681,       6038.8190,     1.00000E+0
   69.1590,           698,       6039.9320,     1.00000E+0
   69.1690,           748,       6041.0534,     1.00000E+0
   69.1790,           750,       6043.1166,     1.00000E+0
   69.1890,           869,       6041.1118,     1.00000E+0
   69.1990,           927,       6042.8595,     1.00000E+0
   69.2090,           904,       6044.0070,     1.00000E+0
   69.2190,           947,       6043.4527,     1.00000E+0
   69.2290,          1072,       6044.4175,     1.00000E+0
   69.2390,          1101,       6041.8295,     1.00000E+0
   69.2490,          1167,       6041.6329,     1.00000E+0
   69.2590,          1193,       6040.9989,     1.00000E+0
   69.2690,          1350,       6040.5000,     1.00000E+0
   69.2790,          1368,       6040.6227,     1.00000E+0
   69.2890,          1443,       6040.5841,     1.00000E+0
   69.2990,          1534,       6039.9745,     1.00000E+0
   69.3090,          1749,       6039.1378,     1.00000E+0
   69.3190,          1802,       6040.2008,     1.00000E+0
   69.3290,          2067,       6040.5769,     1.00000E+0
   69.3390,          2050,       6040.3734,     1.00000E+0
   69.3490,          2360,       6040.0423,     1.00000E+0
   69.3590,          2545,       6038.5103,     1.00000E+0
   69.3690,          2667,       6037.8568,     1.00000E+0
   69.3790,          2919,       6035.6712,     1.00000E+0
   69.3890,          3256,       6035.5297,     1.00000E+0
   69.3990,          3540,       6036.3300,     1.00000E+0
   69.4090,          4030,       6033.0124,     1.00000E+0
   69.4190,          4489,       6036.0767,     1.00000E+0
   69.4290,          4987,       6033.8210,     1.00000E+0
   69.4390,          5490,       6032.9607,     1.00000E+0
   69.4490,          6308,       6031.2129,     1.00000E+0
   69.4590,          7263,       6028.2745,     1.00000E+0
   69.4690,          8347,       6027.5203,     1.00000E+0
   69.4790,          9421,       6027.6250,     1.00000E+0
   69.4890,         11440,       6027.6119,     1.00000E+0
   69.4990,         14305,       6026.7496,     1.00000E+0
   69.5090,         18103,       6029.4763,     1.00000E+0
   69.5190,         22880,       6027.9842,     1.00000E+0
   69.5290,         30680,       6029.1010,     1.00000E+0
   69.5390,         42935,       6030.3593,     1.00000E+0
   69.5490,         66655,       6031.5228,     1.00000E+0
   69.5590,        113021,       6031.8468,     1.00000E+0
   69.5690,        240981,       6031.7238,     1.00000E+0
   69.5790,         20947,       6030.8543,     5.39842E+1
   69.5890,       1312654,       6032.2113,     5.39842E+1
   69.5990,        650357,       6032.7193,     5.39842E+1
   69.6090,        628306,       6030.5290,     1.00000E+0
   69.6190,        187279,       6029.7747,     1.00000E+0
   69.6290,         88169,       6026.6729,     1.00000E+0
   69.6390,         51278,       6024.7298,     1.00000E+0
   69.6490,         34482,       6022.7805,     1.00000E+0
   69.6590,         24232,       6020.7913,     1.00000E+0
   69.6690,         17354,       6020.2608,     1.00000E+0
   69.6790,         12968,       6020.2441,     1.00000E+0
   69.6890,         10417,       6020.6780,     1.00000E+0
   69.6990,          8882,       6018.7007,     1.00000E+0
   69.7090,          7502,       6019.7850,     1.00000E+0
   69.7190,          6241,       6019.0843,     1.00000E+0
   69.7290,          5381,       6019.3335,     1.00000E+0
   69.7390,          4626,       6022.8034,     1.00000E+0
   69.7490,          3994,       6022.8170,     1.00000E+0
   69.7590,          3596,       6023.9372,     1.00000E+0
   69.7690,          3017,       6023.9583,     1.00000E+0
   69.7790,          2618,       6022.4823,     1.00000E+0
   69.7890,          2383,       6022.2126,     1.00000E+0
   69.7990,          2238,       6023.7652,     1.00000E+0
   69.8090,          2000,       6019.8640,     1.00000E+0
   69.8190,          1753,       6019.0049,     1.00000E+0
   69.8290,          1520,       6017.5337,     1.00000E+0
   69.8390,          1396,       6015.9282,     1.00000E+0
   69.8490,          1231,       6015.2741,     1.00000E+0
   69.8590,          1073,       6015.1088,     1.00000E+0
   69.8690,           933,       6014.0243,     1.00000E+0
   69.8790,           839,       6015.1984,     1.00000E+0
   69.8890,           745,       6016.0772,     1.00000E+0
   69.8990,           741,       6012.6843,     1.00000E+0
   69.9090,           677,       6012.6775,     1.00000E+0
   69.9190,           583,       6011.2249,     1.00000E+0
   69.9290,           527,       6010.6379,     1.00000E+0
   69.9390,           469,       6012.0895,     1.00000E+0
   69.9490,           398,       6011.6475,     1.00000E+0
   69.9590,           327,       6012.9531,     1.00000E+0
   69.9690,           318,       6013.4385,     1.00000E+0
   69.9790,           277,       6014.7090,     1.00000E+0
   69.9890,           289,       6014.5840,     1.00000E+0
   69.9990,           251,       6012.9574,     1.00000E+0
   70.0090,           204,       6013.2917,     1.00000E+0
   70.0190,           172,       6010.6865,     1.00000E+0
   70.0290,           164,       6009.2819,     1.00000E+0
   70.0390,           152,       6007.3858,     1.00000E+0
   70.0490,           139,       6007.1139,     1.00000E+0
   70.0590,           102,       6010.2717,     1.00000E+0
   70.0690,            79,       6009.2631,     1.00000E+0
   70.0790,            90,       6009.9694,     1.00000E+0
   70.0890,            90,       6009.0385,     1.00000E+0
   70.0990,            82,       6007.8225,     1.00000E+0
   70.1090,            71,       6006.5687,     1.00000E+0
   70.1190,            79,       6006.2706,     1.00000E+0
   70.1290,            62,       6006.5522,     1.00000E+0
   70.1390,            42,       6003.8159,     1.00000E+0
   70.1490,            62,       6003.0552,     1.00000E+0
   70.1590,            46,       6000.7035,     1.00000E+0
   70.1690,            33,       5999.4262,     1.00000E+0
   70.1790,            26,       5997.7457,     1.00000E+0
   70.1890,            40,       5996.5894,     1.00000E+0
   70.1990,            28,       5993.8823,     1.00000E+0
   70.2090,            25,       5993.4037,     1.00000E+0
   70.2190,            24,       5994.9088,     1.00000E+0
   70.2290,            25,       5997.5733,     1.00000E+0
   70.2390,            18,       5999.5950,     1.00000E+0
   70.2490,            19,       6001.1213,     1.00000E+0
   70.2590,            21,       6001.5107,     1.00000E+0
   70.2690,            13,       5999.6273,     1.00000E+0
   70.2790,            16,       5997.9574,     1.00000E+0
   70.2890,            38,       5996.9551,     1.00000E+0
   70.2990,            17,       5994.1265,     1.00000E+0
   70.3090,            12,       5995.5365,     1.00000E+0
   70.3190,            14,       5993.2271,     1.00000E+0
   70.3290,            17,       5992.2207,     1.00000E+0
   70.3390,            10,       5989.8061,     1.00000E+0
   70.3490,             9,       5989.7201,     1.00000E+0
   70.3590,            11,       5989.4590,     1.00000E+0
   70.3690,             7,       5988.6003,     1.00000E+0
   70.3790,             4,       5990.8076,     1.00000E+0
   70.3890,            10,       5990.7129,     1.00000E+0
   70.3990,             5,       5991.9521,     1.00000E+0
   70.4090,             8,       5991.0032,     1.00000E+0
   70.4190,             6,       5991.3030,     1.00000E+0
   70.4290,            10,       5991.9851,     1.00000E+0
   70.4390,            11,       5992.8113,     1.00000E+0
   70.4490,            17,       5993.4983,     1.00000E+0
   70.4590,            11,       5993.8561,     1.00000E+0
   70.4690,             6,       5993.7351,     1.00000E+0
   70.4790,             4,       5990.1435,     1.00000E+0
   70.4890,             9,       5990.4145,     1.00000E+0
   70.4990,             6,       5987.1315,     1.00000E+0
   70.5090,             5,       5987.0175,     1.00000E+0
   70.5190,             4,       5986.0613,     1.00000E+0
   70.5290,            15,       5985.3633,     1.00000E+0
   70.5390,             6,       5984.2913,     1.00000E+0
   70.5490,             3,       5985.3469,     1.00000E+0
   70.5590,             8,       5984.7547,     1.00000E+0
   70.5690,             7,       5983.2849,     1.00000E+0
   70.5790,             5,       5983.6362,     1.00000E+0
   70.5890,             4,       5982.4199,     1.00000E+0
