RoughTEOS_03.dat
2025/06/06 16:13:35 - 16:20:56
É∆ : 35.1641 deg
2É∆ : 69.5891 deg
É‘ : 90.3091 deg
É” : 90.0000 deg
Sz : 13.300 mm
Rx : 0.0000 deg
Ry : -0.0233 deg
I0 slit H : 0.10 mm
I0 slit W : 5.00 mm
R1 slit H : 0.10 mm
R1 slit W : 5.00 mm
R2 slit H : 0.10 mm
R2 slit W : 5.00 mm
Scan axis : 2É∆/É∆
Start: 68.5891 deg, End: 70.5891 deg
Step: 0.0100 deg, Time: 1.0 sec
Axis (deg),       I (cts),        I0 (cts),         Atten.
   68.5891,             0,        283.8609,     1.00000E+0
   68.5991,             0,        283.9549,     1.00000E+0
   68.6091,             0,        283.5484,     1.00000E+0
   68.6191,             1,        283.6106,     1.00000E+0
   68.6291,             0,        284.0907,     1.00000E+0
   68.6391,             2,        283.9416,     1.00000E+0
   68.6491,             0,        283.9437,     1.00000E+0
   68.6591,             0,        284.2728,     1.00000E+0
   68.6691,             0,        283.8797,     1.00000E+0
   68.6791,             0,        283.9379,     1.00000E+0
   68.6891,             0,        284.0387,     1.00000E+0
   68.6991,             0,        284.2465,     1.00000E+0
   68.7091,             1,        284.1302,     1.00000E+0
   68.7191,             0,        284.2231,     1.00000E+0
   68.7291,             0,        283.8682,     1.00000E+0
   68.7391,             0,        284.0445,     1.00000E+0
   68.7491,             0,        283.6219,     1.00000E+0
   68.7591,             1,        283.4977,     1.00000E+0
   68.7691,             0,        283.5730,     1.00000E+0
   68.7791,             0,        283.6138,     1.00000E+0
   68.7891,             0,        283.4381,     1.00000E+0
   68.7991,             0,        283.4394,     1.00000E+0
   68.8091,             2,        283.6148,     1.00000E+0
   68.8191,             1,        283.7521,     1.00000E+0
   68.8291,             1,        283.7372,     1.00000E+0
   68.8391,             2,        284.0256,     1.00000E+0
   68.8491,             0,        284.1398,     1.00000E+0
   68.8591,             1,        284.2435,     1.00000E+0
   68.8691,             1,        283.8843,     1.00000E+0
   68.8791,             3,        284.1235,     1.00000E+0
   68.8891,             0,        283.9603,     1.00000E+0
   68.8991,             1,        283.6899,     1.00000E+0
   68.9091,             2,        283.6959,     1.00000E+0
   68.9191,             0,        283.6918,     1.00000E+0
   68.9291,             5,        283.4932,     1.00000E+0
   68.9391,             3,        283.4508,     1.00000E+0
   68.9491,             4,        283.5032,     1.00000E+0
   68.9591,             3,        283.7646,     1.00000E+0
   68.9691,             0,        283.8850,     1.00000E+0
   68.9791,             3,        283.8113,     1.00000E+0
   68.9891,             2,        283.7284,     1.00000E+0
   68.9991,             3,        283.5895,     1.00000E+0
   69.0091,             3,        283.5582,     1.00000E+0
   69.0191,             3,        283.4594,     1.00000E+0
   69.0291,             3,        283.4828,     1.00000E+0
   69.0391,             6,        283.4442,     1.00000E+0
   69.0491,             5,        283.7703,     1.00000E+0
   69.0591,             3,        283.8839,     1.00000E+0
   69.0691,             7,        283.7213,     1.00000E+0
   69.0791,             7,        283.7496,     1.00000E+0
   69.0891,             2,        283.7257,     1.00000E+0
   69.0991,             4,        283.9661,     1.00000E+0
   69.1091,             7,        283.6236,     1.00000E+0
   69.1191,             8,        283.5393,     1.00000E+0
   69.1291,             6,        283.1540,     1.00000E+0
   69.1391,            11,        283.4425,     1.00000E+0
   69.1491,            14,        283.5109,     1.00000E+0
   69.1591,             8,        283.2684,     1.00000E+0
   69.1691,            16,        283.2456,     1.00000E+0
   69.1791,            15,        283.1728,     1.00000E+0
   69.1891,            16,        283.2092,     1.00000E+0
   69.1991,            19,        283.3621,     1.00000E+0
   69.2091,            25,        283.2147,     1.00000E+0
   69.2191,            22,        283.3067,     1.00000E+0
   69.2291,            37,        283.3870,     1.00000E+0
   69.2391,            27,        283.4188,     1.00000E+0
   69.2491,            33,        283.1687,     1.00000E+0
   69.2591,            28,        283.4390,     1.00000E+0
   69.2691,            37,        283.1959,     1.00000E+0
   69.2791,            36,        283.1671,     1.00000E+0
   69.2891,            43,        282.8314,     1.00000E+0
   69.2991,            68,        282.7053,     1.00000E+0
   69.3091,            70,        282.8389,     1.00000E+0
   69.3191,            78,        282.5389,     1.00000E+0
   69.3291,            94,        282.3925,     1.00000E+0
   69.3391,           109,        282.4197,     1.00000E+0
   69.3491,           110,        282.4791,     1.00000E+0
   69.3591,           145,        282.1384,     1.00000E+0
   69.3691,           158,        281.9063,     1.00000E+0
   69.3791,           163,        281.7254,     1.00000E+0
   69.3891,           209,        282.0555,     1.00000E+0
   69.3991,           264,        281.9670,     1.00000E+0
   69.4091,           318,        281.8494,     1.00000E+0
   69.4191,           355,        281.7027,     1.00000E+0
   69.4291,           437,        281.4439,     1.00000E+0
   69.4391,           570,        281.6621,     1.00000E+0
   69.4491,           664,        281.6204,     1.00000E+0
   69.4591,           847,        281.7293,     1.00000E+0
   69.4691,          1057,        281.6562,     1.00000E+0
   69.4791,          1386,        282.0953,     1.00000E+0
   69.4891,          1861,        281.8441,     1.00000E+0
   69.4991,          2474,        281.8449,     1.00000E+0
   69.5091,          3491,        282.0378,     1.00000E+0
   69.5191,          5148,        282.1937,     1.00000E+0
   69.5291,          7890,        282.2675,     1.00000E+0
   69.5391,         13317,        282.3122,     1.00000E+0
   69.5491,         24698,        282.1132,     1.00000E+0
   69.5591,         54524,        282.0769,     1.00000E+0
   69.5691,        156029,        282.1542,     1.00000E+0
   69.5791,        729177,        281.7071,     1.00000E+0
   69.5891,       2011400,        281.9130,     1.00000E+0
   69.5991,        652998,        282.1304,     1.00000E+0
   69.6091,        146681,        282.0325,     1.00000E+0
   69.6191,         46096,        282.0355,     1.00000E+0
   69.6291,         18862,        282.0725,     1.00000E+0
   69.6391,          8682,        281.6062,     1.00000E+0
   69.6491,          4548,        281.5867,     1.00000E+0
   69.6591,          2647,        281.5525,     1.00000E+0
   69.6691,          1686,        281.6746,     1.00000E+0
   69.6791,          1103,        281.7241,     1.00000E+0
   69.6891,           751,        281.6801,     1.00000E+0
   69.6991,           480,        281.7543,     1.00000E+0
   69.7091,           346,        281.7347,     1.00000E+0
   69.7191,           259,        281.7902,     1.00000E+0
   69.7291,           212,        282.3123,     1.00000E+0
   69.7391,           149,        282.3865,     1.00000E+0
   69.7491,           130,        282.2505,     1.00000E+0
   69.7591,           103,        282.5441,     1.00000E+0
   69.7691,            78,        282.3030,     1.00000E+0
   69.7791,            65,        282.6539,     1.00000E+0
   69.7891,            52,        282.5128,     1.00000E+0
   69.7991,            39,        282.7106,     1.00000E+0
   69.8091,            35,        282.6063,     1.00000E+0
   69.8191,            31,        282.3204,     1.00000E+0
   69.8291,            32,        282.1657,     1.00000E+0
   69.8391,            24,        282.0941,     1.00000E+0
   69.8491,            18,        282.4427,     1.00000E+0
   69.8591,            14,        282.4211,     1.00000E+0
   69.8691,            14,        281.8196,     1.00000E+0
   69.8791,            13,        281.3816,     1.00000E+0
   69.8891,            11,        281.3657,     1.00000E+0
   69.8991,             9,        281.3224,     1.00000E+0
   69.9091,             7,        281.3379,     1.00000E+0
   69.9191,             5,        280.8370,     1.00000E+0
   69.9291,             5,        280.5984,     1.00000E+0
   69.9391,            10,        280.2924,     1.00000E+0
   69.9491,             3,        280.3358,     1.00000E+0
   69.9591,             1,        280.4396,     1.00000E+0
   69.9691,             3,        280.4686,     1.00000E+0
   69.9791,             1,        280.3242,     1.00000E+0
   69.9891,             4,        280.4830,     1.00000E+0
   69.9991,             3,        280.1467,     1.00000E+0
   70.0091,             4,        280.7334,     1.00000E+0
   70.0191,             4,        280.8866,     1.00000E+0
   70.0291,             1,        281.0966,     1.00000E+0
   70.0391,             4,        281.1461,     1.00000E+0
   70.0491,             3,        281.0510,     1.00000E+0
   70.0591,             1,        281.4018,     1.00000E+0
   70.0691,             2,        281.0827,     1.00000E+0
   70.0791,             2,        280.8919,     1.00000E+0
   70.0891,             6,        280.7816,     1.00000E+0
   70.0991,             2,        280.8003,     1.00000E+0
   70.1091,             1,        280.8619,     1.00000E+0
   70.1191,             2,        280.9124,     1.00000E+0
   70.1291,             2,        280.8515,     1.00000E+0
   70.1391,             0,        280.8410,     1.00000E+0
   70.1491,             2,        280.6802,     1.00000E+0
   70.1591,             0,        280.4066,     1.00000E+0
   70.1691,             0,        280.4547,     1.00000E+0
   70.1791,             3,        280.3906,     1.00000E+0
   70.1891,             0,        280.3569,     1.00000E+0
   70.1991,             2,        280.6452,     1.00000E+0
   70.2091,             0,        280.3846,     1.00000E+0
   70.2191,             2,        280.4367,     1.00000E+0
   70.2291,             2,        280.5204,     1.00000E+0
   70.2391,             0,        280.6458,     1.00000E+0
   70.2491,             2,        280.8591,     1.00000E+0
   70.2591,             1,        280.8530,     1.00000E+0
   70.2691,             0,        280.7674,     1.00000E+0
   70.2791,             1,        280.8419,     1.00000E+0
   70.2891,             1,        281.3015,     1.00000E+0
   70.2991,             0,        281.1594,     1.00000E+0
   70.3091,             1,        281.0130,     1.00000E+0
   70.3191,             0,        281.0873,     1.00000E+0
   70.3291,             1,        280.8875,     1.00000E+0
   70.3391,             0,        281.1181,     1.00000E+0
   70.3491,             0,        280.9949,     1.00000E+0
   70.3591,             1,        281.1771,     1.00000E+0
   70.3691,             1,        281.0165,     1.00000E+0
   70.3791,             1,        281.1103,     1.00000E+0
   70.3891,             1,        281.4171,     1.00000E+0
   70.3991,             0,        281.0822,     1.00000E+0
   70.4091,             0,        281.0980,     1.00000E+0
   70.4191,             0,        281.2733,     1.00000E+0
   70.4291,             0,        281.1314,     1.00000E+0
   70.4391,             0,        281.0563,     1.00000E+0
   70.4491,             0,        281.1187,     1.00000E+0
   70.4591,             0,        280.9850,     1.00000E+0
   70.4691,             1,        280.9425,     1.00000E+0
   70.4791,             0,        280.7513,     1.00000E+0
   70.4891,             0,        280.9656,     1.00000E+0
   70.4991,             0,        280.5499,     1.00000E+0
   70.5091,             0,        280.4408,     1.00000E+0
   70.5191,             1,        280.1703,     1.00000E+0
   70.5291,             0,        280.1717,     1.00000E+0
   70.5391,             0,        279.9999,     1.00000E+0
   70.5491,             0,        279.6137,     1.00000E+0
   70.5591,             0,        279.6656,     1.00000E+0
   70.5691,             1,        279.7653,     1.00000E+0
   70.5791,             1,        279.8595,     1.00000E+0
   70.5891,             0,        280.0841,     1.00000E+0
