RoughTEOS_01.dat
2025/06/06 14:45:40 - 14:53:03
É∆ : 34.5251 deg
2É∆ : 69.5884 deg
É‘ : 90.3040 deg
É” : 0.0000 deg
Sz : 13.300 mm
Rx : 0.0000 deg
Ry : -0.0233 deg
I0 slit H : 0.10 mm
I0 slit W : 5.00 mm
R1 slit H : 0.10 mm
R1 slit W : 5.00 mm
R2 slit H : 0.10 mm
R2 slit W : 5.00 mm
Scan axis : 2É∆/É∆
Start: 68.5884 deg, End: 70.5884 deg
Step: 0.0100 deg, Time: 1.0 sec
Axis (deg),       I (cts),        I0 (cts),         Atten.
   68.5884,             1,        346.2096,     1.00000E+0
   68.5984,             1,        346.1433,     1.00000E+0
   68.6084,             0,        346.0964,     1.00000E+0
   68.6184,             0,        345.7885,     1.00000E+0
   68.6284,             0,        345.7461,     1.00000E+0
   68.6384,             2,        345.4484,     1.00000E+0
   68.6484,             1,        345.5995,     1.00000E+0
   68.6584,             0,        345.5148,     1.00000E+0
   68.6684,             1,        345.4812,     1.00000E+0
   68.6784,             2,        345.3977,     1.00000E+0
   68.6884,             1,        345.7494,     1.00000E+0
   68.6984,             0,        346.0641,     1.00000E+0
   68.7084,             0,        345.4422,     1.00000E+0
   68.7184,             0,        345.5392,     1.00000E+0
   68.7284,             1,        345.3527,     1.00000E+0
   68.7384,             1,        345.3520,     1.00000E+0
   68.7484,             0,        345.5488,     1.00000E+0
   68.7584,             0,        345.6719,     1.00000E+0
   68.7684,             2,        345.4842,     1.00000E+0
   68.7784,             2,        345.4334,     1.00000E+0
   68.7884,             0,        345.1225,     1.00000E+0
   68.7984,             1,        344.8238,     1.00000E+0
   68.8084,             0,        344.8809,     1.00000E+0
   68.8184,             2,        344.6482,     1.00000E+0
   68.8284,             0,        344.7854,     1.00000E+0
   68.8384,             3,        344.6160,     1.00000E+0
   68.8484,             3,        344.5135,     1.00000E+0
   68.8584,             1,        344.5008,     1.00000E+0
   68.8684,             3,        344.6874,     1.00000E+0
   68.8784,             1,        344.5980,     1.00000E+0
   68.8884,             0,        344.7394,     1.00000E+0
   68.8984,             2,        344.7746,     1.00000E+0
   68.9084,             1,        344.9569,     1.00000E+0
   68.9184,             0,        344.5681,     1.00000E+0
   68.9284,             3,        344.8394,     1.00000E+0
   68.9384,             4,        345.2078,     1.00000E+0
   68.9484,             3,        344.7612,     1.00000E+0
   68.9584,             5,        344.6715,     1.00000E+0
   68.9684,             0,        344.6259,     1.00000E+0
   68.9784,             1,        344.5255,     1.00000E+0
   68.9884,             3,        344.7795,     1.00000E+0
   68.9984,             8,        344.5679,     1.00000E+0
   69.0084,             6,        344.7339,     1.00000E+0
   69.0184,             2,        344.5232,     1.00000E+0
   69.0284,             6,        344.6209,     1.00000E+0
   69.0384,             3,        344.3597,     1.00000E+0
   69.0484,             3,        344.2322,     1.00000E+0
   69.0584,             8,        344.3439,     1.00000E+0
   69.0684,             8,        344.2020,     1.00000E+0
   69.0784,             9,        343.7818,     1.00000E+0
   69.0884,             8,        344.1866,     1.00000E+0
   69.0984,             9,        343.8776,     1.00000E+0
   69.1084,             9,        343.8553,     1.00000E+0
   69.1184,            12,        343.8161,     1.00000E+0
   69.1284,            11,        343.9495,     1.00000E+0
   69.1384,            14,        343.8074,     1.00000E+0
   69.1484,            17,        343.6585,     1.00000E+0
   69.1584,            12,        343.9138,     1.00000E+0
   69.1684,            22,        344.0516,     1.00000E+0
   69.1784,            10,        343.9424,     1.00000E+0
   69.1884,            19,        344.2450,     1.00000E+0
   69.1984,            14,        344.3712,     1.00000E+0
   69.2084,            26,        344.6288,     1.00000E+0
   69.2184,            26,        344.2110,     1.00000E+0
   69.2284,            17,        344.2474,     1.00000E+0
   69.2384,            23,        344.2118,     1.00000E+0
   69.2484,            30,        344.2547,     1.00000E+0
   69.2584,            36,        344.2728,     1.00000E+0
   69.2684,            37,        344.2467,     1.00000E+0
   69.2784,            39,        344.3577,     1.00000E+0
   69.2884,            39,        344.1410,     1.00000E+0
   69.2984,            44,        344.0863,     1.00000E+0
   69.3084,            46,        343.9690,     1.00000E+0
   69.3184,            68,        344.1864,     1.00000E+0
   69.3284,            80,        344.0617,     1.00000E+0
   69.3384,            64,        343.8445,     1.00000E+0
   69.3484,            84,        344.0825,     1.00000E+0
   69.3584,            99,        344.0213,     1.00000E+0
   69.3684,           120,        344.1398,     1.00000E+0
   69.3784,           169,        344.3400,     1.00000E+0
   69.3884,           146,        344.4445,     1.00000E+0
   69.3984,           179,        344.5286,     1.00000E+0
   69.4084,           187,        344.1112,     1.00000E+0
   69.4184,           256,        343.9314,     1.00000E+0
   69.4284,           313,        343.7679,     1.00000E+0
   69.4384,           365,        343.5665,     1.00000E+0
   69.4484,           434,        343.4534,     1.00000E+0
   69.4584,           554,        343.2023,     1.00000E+0
   69.4684,           716,        342.9306,     1.00000E+0
   69.4784,           918,        342.8440,     1.00000E+0
   69.4884,          1192,        342.5577,     1.00000E+0
   69.4984,          1639,        342.8572,     1.00000E+0
   69.5084,          2286,        342.8032,     1.00000E+0
   69.5184,          3238,        342.5492,     1.00000E+0
   69.5284,          5182,        342.3740,     1.00000E+0
   69.5384,          8425,        342.2162,     1.00000E+0
   69.5484,         15920,        341.9023,     1.00000E+0
   69.5584,         35747,        341.9823,     1.00000E+0
   69.5684,        110611,        341.8682,     1.00000E+0
   69.5784,        637506,        341.2884,     1.00000E+0
   69.5884,       2283134,        341.5102,     1.00000E+0
   69.5984,        768883,        341.4550,     1.00000E+0
   69.6084,        119828,        341.6302,     1.00000E+0
   69.6184,         31528,        341.6955,     1.00000E+0
   69.6284,         12081,        341.5557,     1.00000E+0
   69.6384,          5585,        341.5086,     1.00000E+0
   69.6484,          2858,        341.6398,     1.00000E+0
   69.6584,          1670,        342.1394,     1.00000E+0
   69.6684,          1039,        342.6635,     1.00000E+0
   69.6784,           701,        342.0797,     1.00000E+0
   69.6884,           484,        342.0967,     1.00000E+0
   69.6984,           327,        342.1298,     1.00000E+0
   69.7084,           226,        342.4680,     1.00000E+0
   69.7184,           179,        342.3970,     1.00000E+0
   69.7284,           133,        342.2753,     1.00000E+0
   69.7384,           124,        342.3937,     1.00000E+0
   69.7484,            69,        342.5580,     1.00000E+0
   69.7584,            63,        342.3870,     1.00000E+0
   69.7684,            40,        342.0684,     1.00000E+0
   69.7784,            50,        342.2588,     1.00000E+0
   69.7884,            36,        342.1329,     1.00000E+0
   69.7984,            29,        341.5879,     1.00000E+0
   69.8084,            27,        341.6722,     1.00000E+0
   69.8184,            31,        341.5708,     1.00000E+0
   69.8284,            14,        341.4049,     1.00000E+0
   69.8384,            16,        341.5389,     1.00000E+0
   69.8484,            13,        341.4799,     1.00000E+0
   69.8584,            19,        341.6806,     1.00000E+0
   69.8684,            13,        341.4932,     1.00000E+0
   69.8784,             8,        341.4478,     1.00000E+0
   69.8884,             4,        341.1958,     1.00000E+0
   69.8984,             2,        341.7204,     1.00000E+0
   69.9084,             7,        341.2770,     1.00000E+0
   69.9184,            11,        341.5553,     1.00000E+0
   69.9284,             3,        341.2851,     1.00000E+0
   69.9384,             3,        340.8690,     1.00000E+0
   69.9484,             4,        341.1312,     1.00000E+0
   69.9584,             4,        341.0523,     1.00000E+0
   69.9684,             9,        341.0766,     1.00000E+0
   69.9784,             9,        340.6112,     1.00000E+0
   69.9884,             3,        340.6684,     1.00000E+0
   69.9984,             3,        340.9808,     1.00000E+0
   70.0084,             2,        340.7067,     1.00000E+0
   70.0184,             1,        340.6821,     1.00000E+0
   70.0284,             2,        340.2823,     1.00000E+0
   70.0384,             2,        340.4803,     1.00000E+0
   70.0484,             1,        340.9014,     1.00000E+0
   70.0584,             2,        340.8056,     1.00000E+0
   70.0684,             1,        340.7436,     1.00000E+0
   70.0784,             1,        340.6424,     1.00000E+0
   70.0884,             0,        340.6114,     1.00000E+0
   70.0984,             0,        340.7244,     1.00000E+0
   70.1084,             0,        340.1008,     1.00000E+0
   70.1184,             1,        340.4578,     1.00000E+0
   70.1284,             0,        340.4011,     1.00000E+0
   70.1384,             0,        340.4696,     1.00000E+0
   70.1484,             0,        340.7006,     1.00000E+0
   70.1584,             2,        340.5796,     1.00000E+0
   70.1684,             1,        340.8663,     1.00000E+0
   70.1784,             2,        340.8983,     1.00000E+0
   70.1884,             1,        341.3385,     1.00000E+0
   70.1984,             1,        341.6661,     1.00000E+0
   70.2084,             0,        341.5806,     1.00000E+0
   70.2184,             1,        341.8462,     1.00000E+0
   70.2284,             1,        341.6737,     1.00000E+0
   70.2384,             2,        341.4841,     1.00000E+0
   70.2484,             1,        341.5679,     1.00000E+0
   70.2584,             1,        341.3428,     1.00000E+0
   70.2684,             1,        341.1869,     1.00000E+0
   70.2784,             0,        341.0297,     1.00000E+0
   70.2884,             0,        340.6052,     1.00000E+0
   70.2984,             0,        340.4574,     1.00000E+0
   70.3084,             1,        340.0548,     1.00000E+0
   70.3184,             0,        340.0526,     1.00000E+0
   70.3284,             0,        339.7754,     1.00000E+0
   70.3384,             0,        339.6841,     1.00000E+0
   70.3484,             1,        339.6797,     1.00000E+0
   70.3584,             1,        340.1026,     1.00000E+0
   70.3684,             1,        339.9546,     1.00000E+0
   70.3784,             0,        340.1367,     1.00000E+0
   70.3884,             2,        340.1158,     1.00000E+0
   70.3984,             2,        340.2961,     1.00000E+0
   70.4084,             1,        340.1036,     1.00000E+0
   70.4184,             0,        340.2592,     1.00000E+0
   70.4284,             0,        340.5224,     1.00000E+0
   70.4384,             0,        340.0014,     1.00000E+0
   70.4484,             6,        339.9828,     1.00000E+0
   70.4584,             0,        339.8775,     1.00000E+0
   70.4684,             0,        339.9570,     1.00000E+0
   70.4784,             1,        340.4659,     1.00000E+0
   70.4884,             1,        340.2598,     1.00000E+0
   70.4984,             0,        340.3122,     1.00000E+0
   70.5084,             0,        340.2376,     1.00000E+0
   70.5184,             1,        339.8773,     1.00000E+0
   70.5284,             1,        339.8996,     1.00000E+0
   70.5384,             0,        340.3535,     1.00000E+0
   70.5484,             0,        340.4012,     1.00000E+0
   70.5584,             0,        340.3756,     1.00000E+0
   70.5684,             1,        340.3075,     1.00000E+0
   70.5784,             0,        340.2180,     1.00000E+0
   70.5884,             0,        339.9673,     1.00000E+0
