Si_Thermo_04.dat
2025/06/06 18:23:10 - 18:26:27
ƒÆ : 35.3261 deg
2ƒÆ : 69.5915 deg
ƒÔ : 89.6755 deg
ƒÓ : 90.0000 deg
Sz : 13.264 mm
Rx : 0.0000 deg
Ry : 0.0321 deg
I0 slit H : 0.10 mm
I0 slit W : 5.00 mm
R1 slit H : 0.10 mm
R1 slit W : 5.00 mm
R2 slit H : 0.10 mm
R2 slit W : 5.00 mm
Scan axis : 2ƒÆ/ƒÆ
Start: 68.5915 deg, End: 70.5915 deg
Step: 0.0100 deg, Time:10.0 sec
Axis (deg),       I (cts),        I0 (cts),         Atten.
   68.5915,             2,       2250.7803,     1.00000E+0
   68.6015,             0,       2252.8545,     1.00000E+0
   68.6115,             1,       2251.6233,     1.00000E+0
   68.6215,             0,       2250.5980,     1.00000E+0
   68.6315,             2,       2248.1370,     1.00000E+0
   68.6415,             2,       2242.3445,     1.00000E+0
   68.6515,             2,       2241.1758,     1.00000E+0
   68.6615,             1,       2241.0357,     1.00000E+0
   68.6715,             2,       2240.1177,     1.00000E+0
   68.6815,             4,       2242.2020,     1.00000E+0
   68.6915,             3,       2241.0530,     1.00000E+0
   68.7015,             0,       2240.4998,     1.00000E+0
   68.7115,             0,       2241.8710,     1.00000E+0
   68.7215,             1,       2240.6692,     1.00000E+0
   68.7315,             1,       2239.2892,     1.00000E+0
   68.7415,             1,       2237.7712,     1.00000E+0
   68.7515,             0,       2235.7702,     1.00000E+0
   68.7615,             0,          0.0000,     0.00000E+0
   68.7715,             0,          0.0000,     0.00000E+0
   68.7815,             0,          0.0000,     0.00000E+0
   68.7915,             0,          0.0000,     0.00000E+0
   68.8015,             0,          0.0000,     0.00000E+0
   68.8115,             0,          0.0000,     0.00000E+0
   68.8215,             0,          0.0000,     0.00000E+0
   68.8315,             0,          0.0000,     0.00000E+0
   68.8415,             0,          0.0000,     0.00000E+0
   68.8515,             0,          0.0000,     0.00000E+0
   68.8615,             0,          0.0000,     0.00000E+0
   68.8715,             0,          0.0000,     0.00000E+0
   68.8815,             0,          0.0000,     0.00000E+0
   68.8915,             0,          0.0000,     0.00000E+0
   68.9015,             0,          0.0000,     0.00000E+0
   68.9115,             0,          0.0000,     0.00000E+0
   68.9215,             0,          0.0000,     0.00000E+0
   68.9315,             0,          0.0000,     0.00000E+0
   68.9415,             0,          0.0000,     0.00000E+0
   68.9515,             0,          0.0000,     0.00000E+0
   68.9615,             0,          0.0000,     0.00000E+0
   68.9715,             0,          0.0000,     0.00000E+0
   68.9815,             0,          0.0000,     0.00000E+0
   68.9915,             0,          0.0000,     0.00000E+0
   69.0015,             0,          0.0000,     0.00000E+0
   69.0115,             0,          0.0000,     0.00000E+0
   69.0215,             0,          0.0000,     0.00000E+0
   69.0315,             0,          0.0000,     0.00000E+0
   69.0415,             0,          0.0000,     0.00000E+0
   69.0515,             0,          0.0000,     0.00000E+0
   69.0615,             0,          0.0000,     0.00000E+0
   69.0715,             0,          0.0000,     0.00000E+0
   69.0815,             0,          0.0000,     0.00000E+0
   69.0915,             0,          0.0000,     0.00000E+0
   69.1015,             0,          0.0000,     0.00000E+0
   69.1115,             0,          0.0000,     0.00000E+0
   69.1215,             0,          0.0000,     0.00000E+0
   69.1315,             0,          0.0000,     0.00000E+0
   69.1415,             0,          0.0000,     0.00000E+0
   69.1515,             0,          0.0000,     0.00000E+0
   69.1615,             0,          0.0000,     0.00000E+0
   69.1715,             0,          0.0000,     0.00000E+0
   69.1815,             0,          0.0000,     0.00000E+0
   69.1915,             0,          0.0000,     0.00000E+0
   69.2015,             0,          0.0000,     0.00000E+0
   69.2115,             0,          0.0000,     0.00000E+0
   69.2215,             0,          0.0000,     0.00000E+0
   69.2315,             0,          0.0000,     0.00000E+0
   69.2415,             0,          0.0000,     0.00000E+0
   69.2515,             0,          0.0000,     0.00000E+0
   69.2615,             0,          0.0000,     0.00000E+0
   69.2715,             0,          0.0000,     0.00000E+0
   69.2815,             0,          0.0000,     0.00000E+0
   69.2915,             0,          0.0000,     0.00000E+0
   69.3015,             0,          0.0000,     0.00000E+0
   69.3115,             0,          0.0000,     0.00000E+0
   69.3215,             0,          0.0000,     0.00000E+0
   69.3315,             0,          0.0000,     0.00000E+0
   69.3415,             0,          0.0000,     0.00000E+0
   69.3515,             0,          0.0000,     0.00000E+0
   69.3615,             0,          0.0000,     0.00000E+0
   69.3715,             0,          0.0000,     0.00000E+0
   69.3815,             0,          0.0000,     0.00000E+0
   69.3915,             0,          0.0000,     0.00000E+0
   69.4015,             0,          0.0000,     0.00000E+0
   69.4115,             0,          0.0000,     0.00000E+0
   69.4215,             0,          0.0000,     0.00000E+0
   69.4315,             0,          0.0000,     0.00000E+0
   69.4415,             0,          0.0000,     0.00000E+0
   69.4515,             0,          0.0000,     0.00000E+0
   69.4615,             0,          0.0000,     0.00000E+0
   69.4715,             0,          0.0000,     0.00000E+0
   69.4815,             0,          0.0000,     0.00000E+0
   69.4915,             0,          0.0000,     0.00000E+0
   69.5015,             0,          0.0000,     0.00000E+0
   69.5115,             0,          0.0000,     0.00000E+0
   69.5215,             0,          0.0000,     0.00000E+0
   69.5315,             0,          0.0000,     0.00000E+0
   69.5415,             0,          0.0000,     0.00000E+0
   69.5515,             0,          0.0000,     0.00000E+0
   69.5615,             0,          0.0000,     0.00000E+0
   69.5715,             0,          0.0000,     0.00000E+0
   69.5815,             0,          0.0000,     0.00000E+0
   69.5915,             0,          0.0000,     0.00000E+0
   69.6015,             0,          0.0000,     0.00000E+0
   69.6115,             0,          0.0000,     0.00000E+0
   69.6215,             0,          0.0000,     0.00000E+0
   69.6315,             0,          0.0000,     0.00000E+0
   69.6415,             0,          0.0000,     0.00000E+0
   69.6515,             0,          0.0000,     0.00000E+0
   69.6615,             0,          0.0000,     0.00000E+0
   69.6715,             0,          0.0000,     0.00000E+0
   69.6815,             0,          0.0000,     0.00000E+0
   69.6915,             0,          0.0000,     0.00000E+0
   69.7015,             0,          0.0000,     0.00000E+0
   69.7115,             0,          0.0000,     0.00000E+0
   69.7215,             0,          0.0000,     0.00000E+0
   69.7315,             0,          0.0000,     0.00000E+0
   69.7415,             0,          0.0000,     0.00000E+0
   69.7515,             0,          0.0000,     0.00000E+0
   69.7615,             0,          0.0000,     0.00000E+0
   69.7715,             0,          0.0000,     0.00000E+0
   69.7815,             0,          0.0000,     0.00000E+0
   69.7915,             0,          0.0000,     0.00000E+0
   69.8015,             0,          0.0000,     0.00000E+0
   69.8115,             0,          0.0000,     0.00000E+0
   69.8215,             0,          0.0000,     0.00000E+0
   69.8315,             0,          0.0000,     0.00000E+0
   69.8415,             0,          0.0000,     0.00000E+0
   69.8515,             0,          0.0000,     0.00000E+0
   69.8615,             0,          0.0000,     0.00000E+0
   69.8715,             0,          0.0000,     0.00000E+0
   69.8815,             0,          0.0000,     0.00000E+0
   69.8915,             0,          0.0000,     0.00000E+0
   69.9015,             0,          0.0000,     0.00000E+0
   69.9115,             0,          0.0000,     0.00000E+0
   69.9215,             0,          0.0000,     0.00000E+0
   69.9315,             0,          0.0000,     0.00000E+0
   69.9415,             0,          0.0000,     0.00000E+0
   69.9515,             0,          0.0000,     0.00000E+0
   69.9615,             0,          0.0000,     0.00000E+0
   69.9715,             0,          0.0000,     0.00000E+0
   69.9815,             0,          0.0000,     0.00000E+0
   69.9915,             0,          0.0000,     0.00000E+0
   70.0015,             0,          0.0000,     0.00000E+0
   70.0115,             0,          0.0000,     0.00000E+0
   70.0215,             0,          0.0000,     0.00000E+0
   70.0315,             0,          0.0000,     0.00000E+0
   70.0415,             0,          0.0000,     0.00000E+0
   70.0515,             0,          0.0000,     0.00000E+0
   70.0615,             0,          0.0000,     0.00000E+0
   70.0715,             0,          0.0000,     0.00000E+0
   70.0815,             0,          0.0000,     0.00000E+0
   70.0915,             0,          0.0000,     0.00000E+0
   70.1015,             0,          0.0000,     0.00000E+0
   70.1115,             0,          0.0000,     0.00000E+0
   70.1215,             0,          0.0000,     0.00000E+0
   70.1315,             0,          0.0000,     0.00000E+0
   70.1415,             0,          0.0000,     0.00000E+0
   70.1515,             0,          0.0000,     0.00000E+0
   70.1615,             0,          0.0000,     0.00000E+0
   70.1715,             0,          0.0000,     0.00000E+0
   70.1815,             0,          0.0000,     0.00000E+0
   70.1915,             0,          0.0000,     0.00000E+0
   70.2015,             0,          0.0000,     0.00000E+0
   70.2115,             0,          0.0000,     0.00000E+0
   70.2215,             0,          0.0000,     0.00000E+0
   70.2315,             0,          0.0000,     0.00000E+0
   70.2415,             0,          0.0000,     0.00000E+0
   70.2515,             0,          0.0000,     0.00000E+0
   70.2615,             0,          0.0000,     0.00000E+0
   70.2715,             0,          0.0000,     0.00000E+0
   70.2815,             0,          0.0000,     0.00000E+0
   70.2915,             0,          0.0000,     0.00000E+0
   70.3015,             0,          0.0000,     0.00000E+0
   70.3115,             0,          0.0000,     0.00000E+0
   70.3215,             0,          0.0000,     0.00000E+0
   70.3315,             0,          0.0000,     0.00000E+0
   70.3415,             0,          0.0000,     0.00000E+0
   70.3515,             0,          0.0000,     0.00000E+0
   70.3615,             0,          0.0000,     0.00000E+0
   70.3715,             0,          0.0000,     0.00000E+0
   70.3815,             0,          0.0000,     0.00000E+0
   70.3915,             0,          0.0000,     0.00000E+0
   70.4015,             0,          0.0000,     0.00000E+0
   70.4115,             0,          0.0000,     0.00000E+0
   70.4215,             0,          0.0000,     0.00000E+0
   70.4315,             0,          0.0000,     0.00000E+0
   70.4415,             0,          0.0000,     0.00000E+0
   70.4515,             0,          0.0000,     0.00000E+0
   70.4615,             0,          0.0000,     0.00000E+0
   70.4715,             0,          0.0000,     0.00000E+0
   70.4815,             0,          0.0000,     0.00000E+0
   70.4915,             0,          0.0000,     0.00000E+0
   70.5015,             0,          0.0000,     0.00000E+0
   70.5115,             0,          0.0000,     0.00000E+0
   70.5215,             0,          0.0000,     0.00000E+0
   70.5315,             0,          0.0000,     0.00000E+0
   70.5415,             0,          0.0000,     0.00000E+0
   70.5515,             0,          0.0000,     0.00000E+0
   70.5615,             0,          0.0000,     0.00000E+0
   70.5715,             0,          0.0000,     0.00000E+0
   70.5815,             0,          0.0000,     0.00000E+0
   70.5915,             0,          0.0000,     0.00000E+0
