Si_Thermo_03.dat
2025/06/06 18:07:13 - 18:17:44
ƒÆ : 35.3261 deg
2ƒÆ : 69.5915 deg
ƒÔ : 89.6755 deg
ƒÓ : 90.0000 deg
Sz : 13.264 mm
Rx : 0.0000 deg
Ry : 0.0321 deg
I0 slit H : 0.10 mm
I0 slit W : 5.00 mm
R1 slit H : 0.10 mm
R1 slit W : 5.00 mm
R2 slit H : 0.10 mm
R2 slit W : 5.00 mm
Scan axis : 2ƒÆ/ƒÆ
Start: 68.5915 deg, End: 70.5915 deg
Step: 0.0100 deg, Time:10.0 sec
Axis (deg),       I (cts),        I0 (cts),         Atten.
   68.5915,            19,       2311.2613,     1.00000E+0
   68.6015,            27,       2311.1710,     1.00000E+0
   68.6115,            24,       2311.6635,     1.00000E+0
   68.6215,            22,       2310.1348,     1.00000E+0
   68.6315,            17,       2309.1023,     1.00000E+0
   68.6415,            17,       2304.3336,     1.00000E+0
   68.6515,            26,       2300.5345,     1.00000E+0
   68.6615,            15,       2302.1279,     1.00000E+0
   68.6715,            31,       2301.9525,     1.00000E+0
   68.6815,            23,       2299.7141,     1.00000E+0
   68.6915,            15,       2303.9385,     1.00000E+0
   68.7015,            18,       2305.1250,     1.00000E+0
   68.7115,            21,       2300.1279,     1.00000E+0
   68.7215,            17,       2296.1785,     1.00000E+0
   68.7315,            15,       2296.2973,     1.00000E+0
   68.7415,            17,       2296.2104,     1.00000E+0
   68.7515,            19,       2297.4685,     1.00000E+0
   68.7615,            17,       2294.1790,     1.00000E+0
   68.7715,            14,       2294.8740,     1.00000E+0
   68.7815,            24,       2296.6750,     1.00000E+0
   68.7915,            15,       2294.0285,     1.00000E+0
   68.8015,            17,       2294.9440,     1.00000E+0
   68.8115,             9,       2294.2980,     1.00000E+0
   68.8215,             8,       2291.9978,     1.00000E+0
   68.8315,            12,       2286.1999,     1.00000E+0
   68.8415,             9,       2284.6857,     1.00000E+0
   68.8515,            10,       2288.4339,     1.00000E+0
   68.8615,             9,       2287.8828,     1.00000E+0
   68.8715,             5,       2291.6378,     1.00000E+0
   68.8815,             6,       2292.4122,     1.00000E+0
   68.8915,             4,       2291.7515,     1.00000E+0
   68.9015,             7,       2287.3514,     1.00000E+0
   68.9115,             3,       2285.8050,     1.00000E+0
   68.9215,             6,       2282.9331,     1.00000E+0
   68.9315,             3,       2282.8250,     1.00000E+0
   68.9415,            10,       2280.8293,     1.00000E+0
   68.9515,             3,       2282.7834,     1.00000E+0
   68.9615,             5,       2287.7911,     1.00000E+0
   68.9715,            10,       2292.2500,     1.00000E+0
   68.9815,             1,       2292.1147,     1.00000E+0
   68.9915,             6,       2287.5795,     1.00000E+0
   69.0015,             6,       2285.1855,     1.00000E+0
   69.0115,            10,       2280.7202,     1.00000E+0
   69.0215,             6,       2278.7401,     1.00000E+0
   69.0315,             3,       2279.5873,     1.00000E+0
   69.0415,             4,       2279.6917,     1.00000E+0
   69.0515,             5,       2275.6415,     1.00000E+0
   69.0615,             6,       2276.3085,     1.00000E+0
   69.0715,             2,       2270.8283,     1.00000E+0
   69.0815,             7,       2266.6398,     1.00000E+0
   69.0915,             8,       2270.0311,     1.00000E+0
   69.1015,            10,       2277.9327,     1.00000E+0
   69.1115,             9,       2276.9178,     1.00000E+0
   69.1215,             6,       2270.3807,     1.00000E+0
   69.1315,             9,       2264.3590,     1.00000E+0
   69.1415,            11,       2266.3774,     1.00000E+0
   69.1515,             0,          0.0000,     0.00000E+0
   69.1615,             0,          0.0000,     0.00000E+0
   69.1715,             0,          0.0000,     0.00000E+0
   69.1815,             0,          0.0000,     0.00000E+0
   69.1915,             0,          0.0000,     0.00000E+0
   69.2015,             0,          0.0000,     0.00000E+0
   69.2115,             0,          0.0000,     0.00000E+0
   69.2215,             0,          0.0000,     0.00000E+0
   69.2315,             0,          0.0000,     0.00000E+0
   69.2415,             0,          0.0000,     0.00000E+0
   69.2515,             0,          0.0000,     0.00000E+0
   69.2615,             0,          0.0000,     0.00000E+0
   69.2715,             0,          0.0000,     0.00000E+0
   69.2815,             0,          0.0000,     0.00000E+0
   69.2915,             0,          0.0000,     0.00000E+0
   69.3015,             0,          0.0000,     0.00000E+0
   69.3115,             0,          0.0000,     0.00000E+0
   69.3215,             0,          0.0000,     0.00000E+0
   69.3315,             0,          0.0000,     0.00000E+0
   69.3415,             0,          0.0000,     0.00000E+0
   69.3515,             0,          0.0000,     0.00000E+0
   69.3615,             0,          0.0000,     0.00000E+0
   69.3715,             0,          0.0000,     0.00000E+0
   69.3815,             0,          0.0000,     0.00000E+0
   69.3915,             0,          0.0000,     0.00000E+0
   69.4015,             0,          0.0000,     0.00000E+0
   69.4115,             0,          0.0000,     0.00000E+0
   69.4215,             0,          0.0000,     0.00000E+0
   69.4315,             0,          0.0000,     0.00000E+0
   69.4415,             0,          0.0000,     0.00000E+0
   69.4515,             0,          0.0000,     0.00000E+0
   69.4615,             0,          0.0000,     0.00000E+0
   69.4715,             0,          0.0000,     0.00000E+0
   69.4815,             0,          0.0000,     0.00000E+0
   69.4915,             0,          0.0000,     0.00000E+0
   69.5015,             0,          0.0000,     0.00000E+0
   69.5115,             0,          0.0000,     0.00000E+0
   69.5215,             0,          0.0000,     0.00000E+0
   69.5315,             0,          0.0000,     0.00000E+0
   69.5415,             0,          0.0000,     0.00000E+0
   69.5515,             0,          0.0000,     0.00000E+0
   69.5615,             0,          0.0000,     0.00000E+0
   69.5715,             0,          0.0000,     0.00000E+0
   69.5815,             0,          0.0000,     0.00000E+0
   69.5915,             0,          0.0000,     0.00000E+0
   69.6015,             0,          0.0000,     0.00000E+0
   69.6115,             0,          0.0000,     0.00000E+0
   69.6215,             0,          0.0000,     0.00000E+0
   69.6315,             0,          0.0000,     0.00000E+0
   69.6415,             0,          0.0000,     0.00000E+0
   69.6515,             0,          0.0000,     0.00000E+0
   69.6615,             0,          0.0000,     0.00000E+0
   69.6715,             0,          0.0000,     0.00000E+0
   69.6815,             0,          0.0000,     0.00000E+0
   69.6915,             0,          0.0000,     0.00000E+0
   69.7015,             0,          0.0000,     0.00000E+0
   69.7115,             0,          0.0000,     0.00000E+0
   69.7215,             0,          0.0000,     0.00000E+0
   69.7315,             0,          0.0000,     0.00000E+0
   69.7415,             0,          0.0000,     0.00000E+0
   69.7515,             0,          0.0000,     0.00000E+0
   69.7615,             0,          0.0000,     0.00000E+0
   69.7715,             0,          0.0000,     0.00000E+0
   69.7815,             0,          0.0000,     0.00000E+0
   69.7915,             0,          0.0000,     0.00000E+0
   69.8015,             0,          0.0000,     0.00000E+0
   69.8115,             0,          0.0000,     0.00000E+0
   69.8215,             0,          0.0000,     0.00000E+0
   69.8315,             0,          0.0000,     0.00000E+0
   69.8415,             0,          0.0000,     0.00000E+0
   69.8515,             0,          0.0000,     0.00000E+0
   69.8615,             0,          0.0000,     0.00000E+0
   69.8715,             0,          0.0000,     0.00000E+0
   69.8815,             0,          0.0000,     0.00000E+0
   69.8915,             0,          0.0000,     0.00000E+0
   69.9015,             0,          0.0000,     0.00000E+0
   69.9115,             0,          0.0000,     0.00000E+0
   69.9215,             0,          0.0000,     0.00000E+0
   69.9315,             0,          0.0000,     0.00000E+0
   69.9415,             0,          0.0000,     0.00000E+0
   69.9515,             0,          0.0000,     0.00000E+0
   69.9615,             0,          0.0000,     0.00000E+0
   69.9715,             0,          0.0000,     0.00000E+0
   69.9815,             0,          0.0000,     0.00000E+0
   69.9915,             0,          0.0000,     0.00000E+0
   70.0015,             0,          0.0000,     0.00000E+0
   70.0115,             0,          0.0000,     0.00000E+0
   70.0215,             0,          0.0000,     0.00000E+0
   70.0315,             0,          0.0000,     0.00000E+0
   70.0415,             0,          0.0000,     0.00000E+0
   70.0515,             0,          0.0000,     0.00000E+0
   70.0615,             0,          0.0000,     0.00000E+0
   70.0715,             0,          0.0000,     0.00000E+0
   70.0815,             0,          0.0000,     0.00000E+0
   70.0915,             0,          0.0000,     0.00000E+0
   70.1015,             0,          0.0000,     0.00000E+0
   70.1115,             0,          0.0000,     0.00000E+0
   70.1215,             0,          0.0000,     0.00000E+0
   70.1315,             0,          0.0000,     0.00000E+0
   70.1415,             0,          0.0000,     0.00000E+0
   70.1515,             0,          0.0000,     0.00000E+0
   70.1615,             0,          0.0000,     0.00000E+0
   70.1715,             0,          0.0000,     0.00000E+0
   70.1815,             0,          0.0000,     0.00000E+0
   70.1915,             0,          0.0000,     0.00000E+0
   70.2015,             0,          0.0000,     0.00000E+0
   70.2115,             0,          0.0000,     0.00000E+0
   70.2215,             0,          0.0000,     0.00000E+0
   70.2315,             0,          0.0000,     0.00000E+0
   70.2415,             0,          0.0000,     0.00000E+0
   70.2515,             0,          0.0000,     0.00000E+0
   70.2615,             0,          0.0000,     0.00000E+0
   70.2715,             0,          0.0000,     0.00000E+0
   70.2815,             0,          0.0000,     0.00000E+0
   70.2915,             0,          0.0000,     0.00000E+0
   70.3015,             0,          0.0000,     0.00000E+0
   70.3115,             0,          0.0000,     0.00000E+0
   70.3215,             0,          0.0000,     0.00000E+0
   70.3315,             0,          0.0000,     0.00000E+0
   70.3415,             0,          0.0000,     0.00000E+0
   70.3515,             0,          0.0000,     0.00000E+0
   70.3615,             0,          0.0000,     0.00000E+0
   70.3715,             0,          0.0000,     0.00000E+0
   70.3815,             0,          0.0000,     0.00000E+0
   70.3915,             0,          0.0000,     0.00000E+0
   70.4015,             0,          0.0000,     0.00000E+0
   70.4115,             0,          0.0000,     0.00000E+0
   70.4215,             0,          0.0000,     0.00000E+0
   70.4315,             0,          0.0000,     0.00000E+0
   70.4415,             0,          0.0000,     0.00000E+0
   70.4515,             0,          0.0000,     0.00000E+0
   70.4615,             0,          0.0000,     0.00000E+0
   70.4715,             0,          0.0000,     0.00000E+0
   70.4815,             0,          0.0000,     0.00000E+0
   70.4915,             0,          0.0000,     0.00000E+0
   70.5015,             0,          0.0000,     0.00000E+0
   70.5115,             0,          0.0000,     0.00000E+0
   70.5215,             0,          0.0000,     0.00000E+0
   70.5315,             0,          0.0000,     0.00000E+0
   70.5415,             0,          0.0000,     0.00000E+0
   70.5515,             0,          0.0000,     0.00000E+0
   70.5615,             0,          0.0000,     0.00000E+0
   70.5715,             0,          0.0000,     0.00000E+0
   70.5815,             0,          0.0000,     0.00000E+0
   70.5915,             0,          0.0000,     0.00000E+0
