Thermo_220.dat
2025/08/22 15:24:41 - 15:34:38
ƒÆ : 23.7999 deg
2ƒÆ : 47.5872 deg
ƒÔ : 44.6348 deg
ƒÓ : 4.0698 deg
Sz : 11.602 mm
Rx : 0.0679 deg
Ry : -0.1178 deg
I0 slit H : 0.20 mm
I0 slit W : 1.00 mm
R1 slit H : 20.00 mm
R1 slit W : 20.00 mm
R2 slit H : 20.00 mm
R2 slit W : 20.00 mm
Scan axis : ƒÆ
Start: 23.2999 deg, End: 24.2999 deg
Step: 0.0050 deg, Time: 1.0 sec
Axis (deg),       I (cts),        I0 (cts),         Atten.
   23.2999,          4077,       3589.4210,     1.00000E+0
   23.3049,          4360,       3586.0854,     1.00000E+0
   23.3099,          4283,       3578.2954,     1.00000E+0
   23.3149,          4300,       3577.0805,     1.00000E+0
   23.3199,          4306,       3578.0565,     1.00000E+0
   23.3249,          4389,       3577.1441,     1.00000E+0
   23.3299,          4372,       3574.6204,     1.00000E+0
   23.3349,          4309,       3576.2948,     1.00000E+0
   23.3399,          4399,       3576.0691,     1.00000E+0
   23.3449,          4568,       3574.0334,     1.00000E+0
   23.3499,          4585,       3570.6032,     1.00000E+0
   23.3549,          4625,       3571.6342,     1.00000E+0
   23.3599,          4656,       3568.7250,     1.00000E+0
   23.3649,          4586,       3568.6408,     1.00000E+0
   23.3699,          4721,       3572.4932,     1.00000E+0
   23.3749,          4911,       3572.4450,     1.00000E+0
   23.3799,          4815,       3572.0286,     1.00000E+0
   23.3849,          4968,       3572.3476,     1.00000E+0
   23.3899,          4974,       3573.7292,     1.00000E+0
   23.3949,          5059,       3575.2083,     1.00000E+0
   23.3999,          5346,       3573.1868,     1.00000E+0
   23.4049,          5271,       3568.2599,     1.00000E+0
   23.4099,          5349,       3568.5878,     1.00000E+0
   23.4149,          5361,       3566.9264,     1.00000E+0
   23.4199,          5312,       3563.6267,     1.00000E+0
   23.4249,          5558,       3562.6335,     1.00000E+0
   23.4299,          5500,       3560.8834,     1.00000E+0
   23.4349,          5652,       3559.7026,     1.00000E+0
   23.4399,          5507,       3558.7720,     1.00000E+0
   23.4449,          5737,       3558.8213,     1.00000E+0
   23.4499,          5664,       3562.9200,     1.00000E+0
   23.4549,          5825,       3563.4818,     1.00000E+0
   23.4599,          5884,       3569.0269,     1.00000E+0
   23.4649,          6021,       3571.5121,     1.00000E+0
   23.4699,          6076,       3571.9085,     1.00000E+0
   23.4749,          6251,       3570.9578,     1.00000E+0
   23.4799,          6260,       3570.6401,     1.00000E+0
   23.4849,          6270,       3568.0225,     1.00000E+0
   23.4899,          6288,       3567.4502,     1.00000E+0
   23.4949,          6527,       3564.8662,     1.00000E+0
   23.4999,          6480,       3568.1906,     1.00000E+0
   23.5049,          6715,       3564.0147,     1.00000E+0
   23.5099,          6649,       3562.4602,     1.00000E+0
   23.5149,          6900,       3564.5681,     1.00000E+0
   23.5199,          7017,       3563.2967,     1.00000E+0
   23.5249,          7116,       3559.6916,     1.00000E+0
   23.5299,          7146,       3558.0037,     1.00000E+0
   23.5349,          7304,       3558.7274,     1.00000E+0
   23.5399,          7487,       3560.1841,     1.00000E+0
   23.5449,          7809,       3560.0120,     1.00000E+0
   23.5499,          8062,       3557.9926,     1.00000E+0
   23.5549,          8272,       3560.0932,     1.00000E+0
   23.5599,          8649,       3558.8176,     1.00000E+0
   23.5649,          8688,       3552.1474,     1.00000E+0
   23.5699,          9156,       3548.3211,     1.00000E+0
   23.5749,          9165,       3552.4096,     1.00000E+0
   23.5799,          9577,       3551.2302,     1.00000E+0
   23.5849,          9777,       3549.1129,     1.00000E+0
   23.5899,         10021,       3551.3382,     1.00000E+0
   23.5949,         10203,       3552.6070,     1.00000E+0
   23.5999,         10448,       3549.6012,     1.00000E+0
   23.6049,         10737,       3550.8830,     1.00000E+0
   23.6099,         10794,       3550.3047,     1.00000E+0
   23.6149,         11023,       3547.6861,     1.00000E+0
   23.6199,         11210,       3550.0066,     1.00000E+0
   23.6249,         11829,       3548.3279,     1.00000E+0
   23.6299,         12185,       3549.9392,     1.00000E+0
   23.6349,         12260,       3549.1286,     1.00000E+0
   23.6399,         12769,       3551.1696,     1.00000E+0
   23.6449,         12806,       3548.3167,     1.00000E+0
   23.6499,         13317,       3548.5378,     1.00000E+0
   23.6549,         13413,       3549.5064,     1.00000E+0
   23.6599,         13922,       3549.7879,     1.00000E+0
   23.6649,         14104,       3552.4482,     1.00000E+0
   23.6699,         14481,       3550.0749,     1.00000E+0
   23.6749,         15070,       3549.0751,     1.00000E+0
   23.6799,         15659,       3547.0495,     1.00000E+0
   23.6849,         16244,       3547.4388,     1.00000E+0
   23.6899,         16865,       3544.1898,     1.00000E+0
   23.6949,         17355,       3543.2639,     1.00000E+0
   23.6999,         18113,       3544.9228,     1.00000E+0
   23.7049,         19063,       3539.3513,     1.00000E+0
   23.7099,         19809,       3540.7587,     1.00000E+0
   23.7149,         20952,       3541.5699,     1.00000E+0
   23.7199,         22010,       3541.6761,     1.00000E+0
   23.7249,         23643,       3542.9260,     1.00000E+0
   23.7299,         25140,       3545.5813,     1.00000E+0
   23.7349,         27531,       3545.9021,     1.00000E+0
   23.7399,         29694,       3546.2489,     1.00000E+0
   23.7449,         33177,       3551.8615,     1.00000E+0
   23.7499,         37110,       3552.6508,     1.00000E+0
   23.7549,         42220,       3552.4682,     1.00000E+0
   23.7599,         49889,       3555.1602,     1.00000E+0
   23.7649,         60615,       3558.6303,     1.00000E+0
   23.7699,         77403,       3558.9405,     1.00000E+0
   23.7749,        105343,       3561.2180,     1.00000E+0
   23.7799,        155610,       3563.2693,     1.00000E+0
   23.7849,        269499,       3562.4299,     1.00000E+0
   23.7899,        633762,       3561.9242,     1.00000E+0
   23.7949,        101228,       3558.8632,     5.39842E+1
   23.7999,       2834854,       3555.8693,     5.39842E+1
   23.8049,         98184,       3550.6590,     5.39842E+1
   23.8099,        704440,       3542.7106,     1.00000E+0
   23.8149,        292740,       3539.8735,     1.00000E+0
   23.8199,        162804,       3535.5519,     1.00000E+0
   23.8249,        107082,       3533.8190,     1.00000E+0
   23.8299,         77531,       3531.5678,     1.00000E+0
   23.8349,         60097,       3529.9013,     1.00000E+0
   23.8399,         48699,       3529.3701,     1.00000E+0
   23.8449,         41127,       3527.2775,     1.00000E+0
   23.8499,         35818,       3529.0611,     1.00000E+0
   23.8549,         31478,       3528.3181,     1.00000E+0
   23.8599,         28148,       3531.1631,     1.00000E+0
   23.8649,         25768,       3530.8679,     1.00000E+0
   23.8699,         23776,       3528.3139,     1.00000E+0
   23.8749,         22212,       3527.2285,     1.00000E+0
   23.8799,         20884,       3530.8949,     1.00000E+0
   23.8849,         19489,       3530.1459,     1.00000E+0
   23.8899,         18857,       3531.0655,     1.00000E+0
   23.8949,         17858,       3528.8626,     1.00000E+0
   23.8999,         17461,       3531.8801,     1.00000E+0
   23.9049,         16781,       3532.3063,     1.00000E+0
   23.9099,         16036,       3534.6717,     1.00000E+0
   23.9149,         15679,       3531.4914,     1.00000E+0
   23.9199,         14957,       3529.9432,     1.00000E+0
   23.9249,         14533,       3527.7202,     1.00000E+0
   23.9299,         14072,       3527.0908,     1.00000E+0
   23.9349,         13629,       3529.9652,     1.00000E+0
   23.9399,         13346,       3526.8016,     1.00000E+0
   23.9449,         12906,       3524.5244,     1.00000E+0
   23.9499,         12757,       3522.1432,     1.00000E+0
   23.9549,         12470,       3522.2571,     1.00000E+0
   23.9599,         12028,       3521.7213,     1.00000E+0
   23.9649,         11696,       3524.1176,     1.00000E+0
   23.9699,         11647,       3523.9383,     1.00000E+0
   23.9749,         11359,       3527.4073,     1.00000E+0
   23.9799,         11034,       3531.4300,     1.00000E+0
   23.9849,         11019,       3532.3103,     1.00000E+0
   23.9899,         10597,       3532.9547,     1.00000E+0
   23.9949,         10101,       3532.5070,     1.00000E+0
   23.9999,         10016,       3531.8731,     1.00000E+0
   24.0049,          9831,       3529.9726,     1.00000E+0
   24.0099,          9546,       3530.4094,     1.00000E+0
   24.0149,          9256,       3529.1039,     1.00000E+0
   24.0199,          8898,       3527.3459,     1.00000E+0
   24.0249,          8600,       3529.1870,     1.00000E+0
   24.0299,          8154,       3529.6976,     1.00000E+0
   24.0349,          7847,       3529.0546,     1.00000E+0
   24.0399,          7748,       3526.8451,     1.00000E+0
   24.0449,          7416,       3526.6342,     1.00000E+0
   24.0499,          7456,       3523.5380,     1.00000E+0
   24.0549,          7116,       3523.4353,     1.00000E+0
   24.0599,          6934,       3523.6358,     1.00000E+0
   24.0649,          6888,       3522.4933,     1.00000E+0
   24.0699,          6788,       3520.1378,     1.00000E+0
   24.0749,          6627,       3516.2080,     1.00000E+0
   24.0799,          6582,       3511.6836,     1.00000E+0
   24.0849,          6433,       3513.6032,     1.00000E+0
   24.0899,          6444,       3512.4665,     1.00000E+0
   24.0949,          6409,       3511.2222,     1.00000E+0
   24.0999,          6145,       3509.6561,     1.00000E+0
   24.1049,          6228,       3508.8920,     1.00000E+0
   24.1099,          6104,       3510.2455,     1.00000E+0
   24.1149,          5997,       3507.6895,     1.00000E+0
   24.1199,          5900,       3510.6136,     1.00000E+0
   24.1249,          5918,       3509.0156,     1.00000E+0
   24.1299,          5888,       3509.7700,     1.00000E+0
   24.1349,          5748,       3512.2013,     1.00000E+0
   24.1399,          5759,       3513.1059,     1.00000E+0
   24.1449,          5555,       3513.3469,     1.00000E+0
   24.1499,          5601,       3515.8338,     1.00000E+0
   24.1549,          5535,       3513.0963,     1.00000E+0
   24.1599,          5558,       3512.8847,     1.00000E+0
   24.1649,          5303,       3509.8650,     1.00000E+0
   24.1699,          5360,       3511.4199,     1.00000E+0
   24.1749,          5496,       3510.7147,     1.00000E+0
   24.1799,          5313,       3510.5568,     1.00000E+0
   24.1849,          5223,       3519.4650,     1.00000E+0
   24.1899,          5161,       3523.0444,     1.00000E+0
   24.1949,          5058,       3523.3008,     1.00000E+0
   24.1999,          5001,       3521.4521,     1.00000E+0
   24.2049,          4903,       3523.0055,     1.00000E+0
   24.2099,          4934,       3522.8235,     1.00000E+0
   24.2149,          4835,       3523.7924,     1.00000E+0
   24.2199,          4817,       3520.6728,     1.00000E+0
   24.2249,          4691,       3519.3070,     1.00000E+0
   24.2299,          4546,       3519.8424,     1.00000E+0
   24.2349,          4529,       3520.8009,     1.00000E+0
   24.2399,          4462,       3521.8269,     1.00000E+0
   24.2449,          4495,       3523.3211,     1.00000E+0
   24.2499,          4334,       3524.4011,     1.00000E+0
   24.2549,          4248,       3521.6440,     1.00000E+0
   24.2599,          4241,       3518.2997,     1.00000E+0
   24.2649,          4366,       3518.2680,     1.00000E+0
   24.2699,          4214,       3516.7948,     1.00000E+0
   24.2749,          4191,       3512.6141,     1.00000E+0
   24.2799,          4109,       3509.8358,     1.00000E+0
   24.2849,          4078,       3508.5025,     1.00000E+0
   24.2899,          4006,       3505.2852,     1.00000E+0
   24.2949,          4073,       3503.7503,     1.00000E+0
   24.2999,          3986,       3507.2049,     1.00000E+0
