Si_TEOS_2thome.dat
2025/08/21 11:42:18 - 11:52:43
É∆ : 35.0299 deg
2É∆ : 69.5871 deg
É‘ : 89.6348 deg
É” : 0.0000 deg
Sz : 11.590 mm
Rx : 0.1609 deg
Ry : 0.1356 deg
I0 slit H : 0.20 mm
I0 slit W : 1.00 mm
R1 slit H : 0.20 mm
R1 slit W : 1.00 mm
R2 slit H : 0.20 mm
R2 slit W : 1.00 mm
Scan axis : 2É∆/É∆
Start: 68.5871 deg, End: 70.5871 deg
Step: 0.0100 deg, Time: 1.0 sec
Axis (deg),       I (cts),        I0 (cts),         Atten.
   68.5871,            85,       5583.4984,     1.00000E+0
   68.5971,           104,       5574.6674,     1.00000E+0
   68.6071,            94,       5574.1265,     1.00000E+0
   68.6171,           104,       5570.9081,     1.00000E+0
   68.6271,            90,       5572.0936,     1.00000E+0
   68.6371,           101,       5571.7961,     1.00000E+0
   68.6471,           110,       5571.2918,     1.00000E+0
   68.6571,           126,       5573.3303,     1.00000E+0
   68.6671,           146,       5574.9112,     1.00000E+0
   68.6771,           132,       5576.8159,     1.00000E+0
   68.6871,           123,       5573.6067,     1.00000E+0
   68.6971,           112,       5575.9004,     1.00000E+0
   68.7071,           138,       5575.5150,     1.00000E+0
   68.7171,           133,       5576.5305,     1.00000E+0
   68.7271,           132,       5577.5382,     1.00000E+0
   68.7371,           150,       5578.8051,     1.00000E+0
   68.7471,           133,       5578.3321,     1.00000E+0
   68.7571,           144,       5567.8958,     1.00000E+0
   68.7671,           151,       5565.6805,     1.00000E+0
   68.7771,           147,       5563.4241,     1.00000E+0
   68.7871,           163,       5558.5524,     1.00000E+0
   68.7971,           174,       5557.1408,     1.00000E+0
   68.8071,           186,       5557.6554,     1.00000E+0
   68.8171,           153,       5556.2646,     1.00000E+0
   68.8271,           144,       5560.8040,     1.00000E+0
   68.8371,           155,       5556.2429,     1.00000E+0
   68.8471,           191,       5551.9113,     1.00000E+0
   68.8571,           186,       5548.0687,     1.00000E+0
   68.8671,           169,       5542.8179,     1.00000E+0
   68.8771,           206,       5541.3794,     1.00000E+0
   68.8871,           207,       5541.0013,     1.00000E+0
   68.8971,           236,       5539.7690,     1.00000E+0
   68.9071,           205,       5540.0942,     1.00000E+0
   68.9171,           201,       5540.8208,     1.00000E+0
   68.9271,           212,       5541.7995,     1.00000E+0
   68.9371,           221,       5538.7066,     1.00000E+0
   68.9471,           232,       5539.2861,     1.00000E+0
   68.9571,           250,       5540.6029,     1.00000E+0
   68.9671,           273,       5536.5770,     1.00000E+0
   68.9771,           273,       5535.4796,     1.00000E+0
   68.9871,           246,       5536.0328,     1.00000E+0
   68.9971,           269,       5535.3524,     1.00000E+0
   69.0071,           315,       5534.3812,     1.00000E+0
   69.0171,           287,       5537.0812,     1.00000E+0
   69.0271,           279,       5534.4847,     1.00000E+0
   69.0371,           340,       5536.8601,     1.00000E+0
   69.0471,           331,       5534.4087,     1.00000E+0
   69.0571,           394,       5534.8047,     1.00000E+0
   69.0671,           388,       5532.6114,     1.00000E+0
   69.0771,           380,       5533.1428,     1.00000E+0
   69.0871,           418,       5532.0079,     1.00000E+0
   69.0971,           437,       5535.4036,     1.00000E+0
   69.1071,           477,       5533.8114,     1.00000E+0
   69.1171,           472,       5530.9564,     1.00000E+0
   69.1271,           494,       5533.9148,     1.00000E+0
   69.1371,           536,       5533.7041,     1.00000E+0
   69.1471,           550,       5531.2155,     1.00000E+0
   69.1571,           654,       5531.0646,     1.00000E+0
   69.1671,           675,       5528.0092,     1.00000E+0
   69.1771,           722,       5528.5095,     1.00000E+0
   69.1871,           676,       5526.3038,     1.00000E+0
   69.1971,           807,       5524.6498,     1.00000E+0
   69.2071,           828,       5524.4273,     1.00000E+0
   69.2171,           868,       5524.0651,     1.00000E+0
   69.2271,           927,       5526.2197,     1.00000E+0
   69.2371,          1000,       5526.1679,     1.00000E+0
   69.2471,          1100,       5525.4963,     1.00000E+0
   69.2571,          1157,       5523.5742,     1.00000E+0
   69.2671,          1202,       5521.3586,     1.00000E+0
   69.2771,          1312,       5520.4033,     1.00000E+0
   69.2871,          1404,       5521.5358,     1.00000E+0
   69.2971,          1482,       5522.7721,     1.00000E+0
   69.3071,          1577,       5517.7999,     1.00000E+0
   69.3171,          1730,       5514.7144,     1.00000E+0
   69.3271,          1774,       5514.2863,     1.00000E+0
   69.3371,          1980,       5513.8643,     1.00000E+0
   69.3471,          2111,       5516.1994,     1.00000E+0
   69.3571,          2441,       5515.3398,     1.00000E+0
   69.3671,          2687,       5515.9369,     1.00000E+0
   69.3771,          2808,       5517.1302,     1.00000E+0
   69.3871,          3165,       5514.6492,     1.00000E+0
   69.3971,          3700,       5515.6155,     1.00000E+0
   69.4071,          4078,       5514.9423,     1.00000E+0
   69.4171,          4494,       5513.8226,     1.00000E+0
   69.4271,          5028,       5516.0875,     1.00000E+0
   69.4371,          5712,       5513.0814,     1.00000E+0
   69.4471,          6669,       5513.2682,     1.00000E+0
   69.4571,          7705,       5512.3704,     1.00000E+0
   69.4671,          9033,       5509.7342,     1.00000E+0
   69.4771,         11014,       5509.2522,     1.00000E+0
   69.4871,         13329,       5500.3365,     1.00000E+0
   69.4971,         16412,       5498.5729,     1.00000E+0
   69.5071,         21029,       5496.3877,     1.00000E+0
   69.5171,         27701,       5493.6901,     1.00000E+0
   69.5271,         39140,       5492.1454,     1.00000E+0
   69.5371,         58535,       5491.7681,     1.00000E+0
   69.5471,         96724,       5493.7947,     1.00000E+0
   69.5571,        195979,       5490.8712,     1.00000E+0
   69.5671,        667966,       5490.4169,     1.00000E+0
   69.5771,        753374,       5487.6761,     5.39842E+1
   69.5871,       1794074,       5486.2776,     5.39842E+1
   69.5971,         22532,       5489.4656,     5.39842E+1
   69.6071,        257541,       5491.5829,     1.00000E+0
   69.6171,        116397,       5492.8528,     1.00000E+0
   69.6271,         66145,       5495.0234,     1.00000E+0
   69.6371,         42567,       5497.3604,     1.00000E+0
   69.6471,         29653,       5501.9611,     1.00000E+0
   69.6571,         21260,       5504.3008,     1.00000E+0
   69.6671,         16324,       5504.6200,     1.00000E+0
   69.6771,         13059,       5504.3024,     1.00000E+0
   69.6871,         10634,       5503.2003,     1.00000E+0
   69.6971,          8644,       5497.2826,     1.00000E+0
   69.7071,          7363,       5497.9090,     1.00000E+0
   69.7171,          6368,       5493.7862,     1.00000E+0
   69.7271,          5687,       5490.5196,     1.00000E+0
   69.7371,          4904,       5484.0537,     1.00000E+0
   69.7471,          4144,       5479.3226,     1.00000E+0
   69.7571,          3707,       5477.2018,     1.00000E+0
   69.7671,          3293,       5473.1500,     1.00000E+0
   69.7771,          3033,       5473.0540,     1.00000E+0
   69.7871,          2624,       5470.7497,     1.00000E+0
   69.7971,          2359,       5468.6367,     1.00000E+0
   69.8071,          2231,       5465.4828,     1.00000E+0
   69.8171,          2022,       5467.8470,     1.00000E+0
   69.8271,          1834,       5467.5966,     1.00000E+0
   69.8371,          1756,       5466.1842,     1.00000E+0
   69.8471,          1536,       5467.9987,     1.00000E+0
   69.8571,          1424,       5464.0281,     1.00000E+0
   69.8671,          1334,       5466.8085,     1.00000E+0
   69.8771,          1210,       5465.8324,     1.00000E+0
   69.8871,          1122,       5470.2485,     1.00000E+0
   69.8971,          1059,       5469.1165,     1.00000E+0
   69.9071,           988,       5471.0762,     1.00000E+0
   69.9171,           926,       5471.6195,     1.00000E+0
   69.9271,           856,       5469.1774,     1.00000E+0
   69.9371,           748,       5467.6525,     1.00000E+0
   69.9471,           750,       5466.8341,     1.00000E+0
   69.9571,           700,       5465.9774,     1.00000E+0
   69.9671,           589,       5465.5205,     1.00000E+0
   69.9771,           661,       5462.3131,     1.00000E+0
   69.9871,           563,       5463.6643,     1.00000E+0
   69.9971,           550,       5460.8968,     1.00000E+0
   70.0071,           545,       5463.0166,     1.00000E+0
   70.0171,           515,       5462.7353,     1.00000E+0
   70.0271,           483,       5462.3758,     1.00000E+0
   70.0371,           478,       5461.0198,     1.00000E+0
   70.0471,           452,       5466.4241,     1.00000E+0
   70.0571,           387,       5463.4829,     1.00000E+0
   70.0671,           415,       5461.5353,     1.00000E+0
   70.0771,           371,       5463.5381,     1.00000E+0
   70.0871,           373,       5461.4337,     1.00000E+0
   70.0971,           343,       5463.1252,     1.00000E+0
   70.1071,           326,       5464.2568,     1.00000E+0
   70.1171,           311,       5464.4919,     1.00000E+0
   70.1271,           302,       5463.1574,     1.00000E+0
   70.1371,           306,       5460.7476,     1.00000E+0
   70.1471,           268,       5462.9790,     1.00000E+0
   70.1571,           264,       5462.1714,     1.00000E+0
   70.1671,           244,       5459.7418,     1.00000E+0
   70.1771,           262,       5459.0835,     1.00000E+0
   70.1871,           232,       5456.0580,     1.00000E+0
   70.1971,           226,       5454.7509,     1.00000E+0
   70.2071,           214,       5451.0655,     1.00000E+0
   70.2171,           221,       5451.1849,     1.00000E+0
   70.2271,           203,       5447.3402,     1.00000E+0
   70.2371,           193,       5444.3833,     1.00000E+0
   70.2471,           157,       5445.8342,     1.00000E+0
   70.2571,           182,       5445.0086,     1.00000E+0
   70.2671,           184,       5441.2012,     1.00000E+0
   70.2771,           160,       5439.5236,     1.00000E+0
   70.2871,           152,       5438.6862,     1.00000E+0
   70.2971,           173,       5434.3141,     1.00000E+0
   70.3071,           156,       5433.0580,     1.00000E+0
   70.3171,           136,       5430.2584,     1.00000E+0
   70.3271,           141,       5429.1817,     1.00000E+0
   70.3371,           133,       5431.4345,     1.00000E+0
   70.3471,           140,       5433.5326,     1.00000E+0
   70.3571,           115,       5431.4019,     1.00000E+0
   70.3671,           115,       5431.5681,     1.00000E+0
   70.3771,           120,       5428.2481,     1.00000E+0
   70.3871,           131,       5428.7816,     1.00000E+0
   70.3971,            98,       5425.5553,     1.00000E+0
   70.4071,           110,       5422.0950,     1.00000E+0
   70.4171,            85,       5419.7030,     1.00000E+0
   70.4271,           100,       5417.8758,     1.00000E+0
   70.4371,           107,       5417.0793,     1.00000E+0
   70.4471,            89,       5411.7072,     1.00000E+0
   70.4571,            81,       5410.4373,     1.00000E+0
   70.4671,            82,       5405.0390,     1.00000E+0
   70.4771,           100,       5402.3208,     1.00000E+0
   70.4871,            77,       5401.3159,     1.00000E+0
   70.4971,            84,       5402.6753,     1.00000E+0
   70.5071,            69,       5399.9992,     1.00000E+0
   70.5171,            69,       5397.0085,     1.00000E+0
   70.5271,            74,       5393.8325,     1.00000E+0
   70.5371,            76,       5394.5866,     1.00000E+0
   70.5471,            52,       5392.8070,     1.00000E+0
   70.5571,            48,       5399.0171,     1.00000E+0
   70.5671,            56,       5399.9242,     1.00000E+0
   70.5771,            47,       5402.9932,     1.00000E+0
   70.5871,            41,       5405.7250,     1.00000E+0
